2000
2 33 58815
85 93 843344
45 93 78095
22 51 598504
42 6 810269
31 21 158170
63 25 89733
75 56 545084
23 27 980650
69 93 252643
96 57 194724
60 44 266435
100 64 858249
24 73 496811
69 35 461210
52 94 591270
49 56 281679
80 59 761468
85 47 719802
35 67 165601
54 17 208974
61 38 521273
47 88 221403
69 47 423061
20 61 916703
42 9 13999
19 64 419864
60 53 489980
63 58 592943
62 92 339218
76 24 928465
78 93 520387
23 52 977978
69 92 412866
33 43 306030
32 74 689487
91 32 749387
77 63 370112
16 18 96116
62 15 486931
50 89 27488
55 25 580197
62 77 624971
61 69 432311
33 1 635343
63 69 811175
97 49 458551
38 31 13153
6 31 32229
92 88 121432
47 53 62190
70 9 742586
86 24 756467
51 68 721866
79 47 268068
64 47 415624
12 35 507315
20 63 764569
21 50 646617
29 78 531814
33 71 26610
62 60 986085
5 73 347761
99 83 251094
27 91 973257
56 73 886286
50 15 94851
33 73 712951
45 86 857988
66 99 29155
52 21 160204
84 41 760555
33 34 392150
39 92 127294
21 32 305318
29 97 93484
92 13 621584
57 37 425657
20 36 885027
94 69 626047
85 52 181174
7 36 999510
55 95 627623
93 26 567863
45 12 726573
36 58 37019
56 2 389348
20 5 559437
76 75 415088
8 98 116107
47 30 710182
69 97 397064
26 87 205446
71 40 636261
1 33 488143
98 75 96084
91 99 673728
54 90 167795
52 34 203974
52 48 153154
28 67 304546
22 3 610353
31 54 508281
67 66 113480
45 16 315727
49 31 326070
24 14 231679
92 73 469628
23 38 87141
67 46 848228
78 57 5082
28 49 570730
22 64 158644
40 73 704558
36 28 400540
66 58 97933
87 61 313387
50 64 706167
69 99 783654
6 100 868922
48 19 463262
17 96 663834
18 57 420435
54 17 537094
98 56 828864
89 72 264151
46 13 824509
66 85 557462
62 3 652178
90 81 369796
73 55 186265
3 46 479253
29 4 668031
84 64 146770
68 37 811094
92 70 93866
36 23 270288
88 6 932594
55 40 763661
39 66 608591
64 30 37974
54 61 230697
22 89 154493
38 5 178159
63 39 540785
23 17 990935
92 9 572964
66 34 726714
82 41 191360
50 75 903710
28 26 541555
47 65 594381
98 4 818363
37 79 344116
84 7 204650
59 22 468303
7 93 888318
19 27 983920
37 51 835076
10 68 530429
85 77 990748
19 89 752767
9 90 417385
13 87 265336
40 35 327934
34 26 733571
9 42 791975
53 56 661613
81 56 617793
17 33 236411
12 28 308960
54 98 771016
39 10 530618
60 86 907143
100 33 17401
19 21 862496
74 21 135605
24 25 351849
60 52 244902
7 17 996205
89 93 589309
57 47 504169
70 64 581111
17 56 142250
60 40 108501
17 24 486703
44 72 928177
69 99 438374
75 55 43069
46 60 244698
82 18 200659
47 40 583263
46 4 91696
9 44 724194
7 33 466496
59 74 760346
13 53 898247
80 86 985836
2 46 336647
74 85 810719
20 69 987984
31 87 706035
50 15 297555
66 95 612413
50 70 816254
62 94 886717
51 1 735635
14 75 357880
4 56 406891
94 24 578140
34 82 732619
19 83 721981
31 97 423001
34 9 215663
58 95 646200
45 78 715394
71 54 61145
52 22 154760
84 27 188206
52 70 781779
20 47 908493
27 80 629351
65 80 448106
55 13 836027
57 14 277504
55 86 741423
79 60 696854
87 81 841887
9 41 932298
70 40 692392
93 39 527069
44 43 641579
48 51 53106
92 6 768578
13 51 276137
51 80 449043
31 2 653981
80 55 348749
93 80 242169
54 20 324816
26 99 719130
3 34 340763
40 33 715663
52 72 549940
31 20 217695
17 60 700107
57 40 598072
49 37 12268
74 16 3631
35 55 282523
76 75 608240
63 22 530326
85 87 253015
91 8 294827
46 89 356617
28 69 453983
10 37 469359
68 38 709405
62 69 761108
19 100 264441
85 75 924617
58 78 4400
69 78 871478
2 10 625926
68 90 462974
29 30 386245
5 37 595264
58 44 863890
10 71 900561
32 96 875219
35 71 304043
100 70 559026
43 75 34789
75 3 717854
3 78 904092
34 48 114528
15 11 592739
82 3 635238
19 15 397708
24 2 966265
90 34 15306
77 2 804701
6 28 378741
13 7 781629
95 39 528458
8 31 397724
14 56 360204
63 83 213577
48 17 125651
5 97 257051
26 78 182186
98 43 225759
86 91 27966
22 100 2589
70 10 288694
69 56 321080
51 33 913860
82 12 452365
77 8 446612
8 65 319719
94 60 561640
80 23 593177
61 51 997202
60 37 643506
97 30 50881
63 14 984653
45 95 282794
51 32 490382
16 58 385539
79 49 466288
59 31 157127
65 54 446798
48 66 121754
74 82 880014
34 58 808583
7 26 956769
30 94 168000
37 55 101458
94 91 350151
34 64 879242
52 65 549953
60 45 102675
28 57 754957
91 60 182455
19 49 585684
27 53 713754
78 93 74267
25 47 862183
48 88 567653
26 93 912559
97 72 948093
71 20 402831
39 23 268357
85 84 338084
24 75 891201
65 21 810509
88 75 657650
83 41 671996
77 94 190160
15 42 541738
100 89 304216
6 30 762749
77 30 496576
36 25 138625
10 43 670553
83 14 777116
86 23 14555
40 8 401441
48 57 18981
25 82 163528
85 30 125636
56 99 719450
97 77 452727
51 18 754146
94 99 582297
16 1 391285
43 88 134549
77 49 724430
12 90 154286
14 71 564003
100 60 651639
31 84 204384
55 82 127731
51 75 990333
39 17 101766
58 94 784463
5 24 348126
67 24 683834
8 33 515626
63 55 835776
20 85 7037
32 43 161756
83 100 870814
78 3 173788
76 31 170827
67 31 823878
21 78 277057
10 66 352443
27 61 295438
70 98 550492
100 7 587105
8 37 436638
81 50 507955
53 17 476767
99 61 988199
71 35 993411
45 73 395442
39 99 156562
14 42 108309
10 52 574707
65 97 198834
97 24 2029
19 53 978130
88 23 945233
99 80 148358
83 91 726006
40 55 399373
79 99 940821
55 20 897311
48 91 916959
23 35 180647
27 15 539708
6 98 453884
61 96 426807
100 98 959982
66 26 34693
93 77 591588
77 67 470326
72 73 325471
68 12 982572
40 38 506678
50 61 324425
57 59 272196
88 38 23924
73 84 155457
80 29 524496
63 75 155469
3 46 411573
81 25 996307
56 49 875231
8 31 611116
21 45 235215
71 7 627962
38 81 755523
44 48 654725
73 56 756646
43 11 505885
28 76 794357
99 41 83778
51 32 788454
87 81 920679
31 47 141834
42 25 491853
74 69 550266
90 56 826547
66 50 685931
23 81 442366
1 71 952609
41 11 213536
73 33 629423
25 36 224985
12 85 395476
79 51 500048
78 67 414805
60 2 810637
8 78 81859
18 47 166538
62 9 527426
51 23 535606
36 68 424424
5 12 676318
38 23 847021
71 47 667810
86 88 955610
63 51 527394
75 27 136993
52 4 501252
14 48 705757
16 54 919701
4 24 510822
57 22 181331
64 47 987880
86 91 389006
26 20 66596
52 4 641484
5 35 673085
2 40 977520
61 81 639802
84 30 406280
85 80 383505
4 52 176068
88 47 275531
61 54 411569
97 70 136828
61 62 241621
93 36 173320
95 56 870486
22 3 269049
6 87 735154
57 55 717947
47 10 83639
23 35 650151
72 78 190017
14 49 369141
16 84 364500
3 77 665669
48 28 187584
24 57 35823
24 25 468017
38 36 384933
27 2 926359
99 46 103425
100 13 830588
10 50 403816
25 87 38562
81 48 230194
19 96 935645
31 23 873812
58 5 229393
28 38 621687
32 89 482587
10 13 197804
58 88 762796
9 83 564798
75 8 208871
99 56 76634
91 52 797613
25 65 894734
83 23 753131
6 13 879438
10 90 213143
100 9 827960
52 29 970571
70 33 50015
59 86 789216
19 28 392934
24 4 245454
1 4 509431
98 67 65311
34 5 438442
67 51 354584
55 86 706759
53 92 535225
90 70 729783
20 26 834500
87 5 945213
70 4 410087
62 77 350723
5 53 130998
28 10 942447
98 36 711107
13 66 61409
18 90 109658
91 32 623651
78 43 878791
36 74 326255
32 52 651030
64 30 121230
31 68 223196
28 55 980216
2 41 427432
92 97 693070
50 99 74080
50 29 66086
28 38 154775
87 57 511966
72 25 327023
67 87 832737
38 22 642339
60 33 852518
71 96 450359
53 35 628319
3 14 251270
48 82 919845
86 42 672207
6 56 780668
51 79 410952
11 3 887978
96 73 746214
79 72 620236
57 52 998597
99 62 479766
74 51 451919
31 43 512416
3 77 181965
41 44 108104
17 22 955489
34 76 355957
19 82 278321
52 40 21915
1 36 379565
70 38 922630
75 3 932038
87 66 751783
77 71 638472
18 12 370376
13 78 837644
30 14 377061
93 72 817346
55 36 326028
90 38 384487
83 26 180764
55 10 198161
1 35 319212
37 28 480294
48 31 795752
19 70 244153
45 89 283762
44 57 697024
3 45 586270
43 2 903917
1 64 234103
87 55 197115
32 25 150537
5 89 910081
76 28 205581
42 33 786350
25 77 543725
1 70 475534
39 72 598667
20 59 794152
5 94 198826
20 27 397197
35 19 828085
95 85 605427
32 34 231676
56 40 805532
62 55 731493
81 76 503653
23 15 692466
10 66 399163
61 52 326046
56 61 822817
86 23 53163
70 20 217924
91 76 958162
7 27 6904
36 70 63025
6 92 926570
86 43 698591
21 16 13206
13 100 213132
78 3 321324
13 26 98374
92 11 192226
24 19 609234
68 100 348067
81 23 706206
34 3 132315
89 67 488123
49 31 26470
20 18 340567
19 6 7295
43 52 162350
40 75 758216
99 35 983844
32 11 895273
62 5 810455
80 31 372605
33 70 490999
8 61 312668
66 71 530186
59 63 24295
44 88 207514
27 91 234577
28 43 769080
51 63 334178
6 12 319773
13 34 209515
2 93 861233
43 50 215913
78 31 343783
39 78 609410
32 48 588492
90 24 252278
36 53 777784
45 87 930846
62 91 606506
39 3 624118
45 43 868219
71 8 179580
26 44 492408
65 43 779219
76 88 137530
78 85 757211
55 96 236719
23 68 504448
75 86 963532
38 47 59791
27 96 265957
58 9 434160
22 16 735890
55 23 552988
58 35 835012
19 7 998560
29 21 944519
36 23 620280
4 60 44634
50 85 718835
10 49 225267
36 79 197610
94 54 293057
12 70 748221
93 83 243019
88 91 501332
15 56 831527
1 68 456461
40 16 315353
4 71 165322
41 13 910670
8 93 967496
20 22 255951
92 87 9920
52 92 549847
58 73 453040
5 87 65357
12 61 545152
58 1 545680
38 98 599098
45 69 874380
61 89 487473
69 4 810291
95 32 533043
44 51 299869
81 16 427550
26 98 167180
25 2 286832
52 12 287026
19 82 180481
99 34 769585
59 70 505436
20 90 315813
98 65 151530
77 15 666350
66 39 119687
74 89 511876
23 6 193729
23 55 144484
86 72 902253
64 39 667099
55 32 496444
65 80 241970
41 21 370239
49 70 949499
47 94 736274
45 6 194520
29 7 224983
82 28 883717
23 64 114950
89 11 881262
15 76 903755
63 67 501010
39 24 495069
64 90 877712
45 90 662273
30 52 376098
69 97 610696
34 22 869190
67 92 387927
7 60 951242
89 49 602877
65 58 169540
84 81 386470
84 88 199917
87 58 930348
68 35 804911
54 10 399962
64 20 86587
18 36 386380
96 54 958032
12 41 523989
36 68 741232
4 48 297762
30 82 438861
18 25 942973
27 72 328784
24 100 504291
48 65 272315
63 6 891389
97 52 892047
24 64 612134
37 27 153888
50 72 728079
43 2 991645
73 35 311044
70 3 85170
75 35 560822
8 38 449805
81 40 703971
37 61 484242
71 7 397306
19 97 462067
95 27 531631
50 78 280720
46 57 15135
64 74 554213
14 46 673071
63 90 435606
73 85 675603
67 20 441457
7 12 405686
16 87 692487
39 47 730555
77 12 208968
75 67 230955
9 65 221188
13 53 342239
66 82 996237
50 38 12760
4 97 889427
2 6 391096
99 15 388925
17 15 562713
33 61 844294
10 15 456315
43 41 378635
97 96 580704
64 12 19566
13 27 706757
70 71 933709
68 16 11056
49 94 549046
20 77 186903
6 49 786891
35 2 974458
84 67 650542
52 30 698186
22 59 374887
31 96 974039
74 65 528464
46 20 238579
65 26 776902
87 85 428007
63 87 653963
68 98 22067
61 82 100875
69 32 942891
13 1 315204
81 51 930640
99 91 446880
82 9 72650
35 54 341990
21 74 260589
57 5 231089
56 6 4732
29 49 582779
34 47 599314
60 80 380797
28 81 760610
72 87 819163
5 96 599701
47 40 716031
30 18 437288
67 86 28001
19 61 237150
76 27 912529
75 28 418997
32 55 632972
64 37 287896
100 80 809358
89 73 146504
56 38 883882
65 70 393902
54 94 848761
15 64 624204
63 54 487241
51 44 30621
3 48 497387
56 75 955340
14 30 280189
55 61 19944
82 47 140489
73 96 478230
59 66 798897
9 85 45627
95 21 869801
25 86 824108
88 5 84635
29 90 191927
92 25 211442
3 92 87520
53 26 75487
47 31 350898
39 72 798883
76 52 266035
29 65 809738
93 78 845539
63 64 701882
13 80 957554
100 78 582200
91 65 643340
9 53 52627
79 35 16705
34 44 257771
44 14 135144
11 66 711661
84 23 469044
26 19 776873
41 28 596085
42 78 797343
12 20 44393
43 62 577725
70 45 938624
34 49 711398
38 4 180585
87 28 184795
49 4 168804
31 53 821644
72 65 97237
33 71 254914
55 24 992492
74 85 602295
9 82 704746
63 88 38611
33 21 817832
33 70 971071
41 1 9238
25 41 736088
27 75 137449
82 8 879175
90 46 860032
86 92 814586
85 5 358994
11 3 657066
72 5 490512
82 17 974414
74 3 645344
71 70 812645
37 57 686737
50 2 411486
24 30 1132
55 42 165224
12 76 694461
87 7 796757
84 61 286800
36 27 447258
38 50 470776
33 9 602241
75 11 766048
43 90 964730
44 70 348672
23 92 730273
90 82 520553
47 8 336014
12 34 705680
51 28 402442
52 56 763919
7 32 25086
84 98 140991
51 74 68143
6 8 367993
42 18 771000
27 87 427107
5 14 891167
26 24 477255
95 35 510748
12 66 43658
72 65 811069
5 2 641823
26 10 992650
59 32 283083
50 69 482478
35 42 745259
94 11 949093
98 89 107602
45 23 560903
44 4 901951
52 55 783542
97 69 181128
30 26 448805
75 17 839678
92 24 54697
52 41 667413
78 94 21599
84 67 915350
78 95 554136
90 77 877010
73 79 4861
11 52 382627
3 31 593981
40 96 639020
29 30 920501
87 30 549011
88 4 946381
99 73 523544
5 40 268119
41 14 326216
41 64 488527
5 10 809447
37 62 356031
42 70 510509
85 76 75721
34 75 345605
85 48 527852
23 64 493246
58 92 571908
84 88 926117
13 96 724698
4 5 166200
46 69 501109
25 27 253457
76 68 746143
38 14 911454
87 83 565706
69 16 724099
40 81 122899
67 21 924436
50 34 422065
87 38 433684
68 43 759916
77 18 764688
83 66 629745
97 9 687798
32 92 499073
27 34 454622
42 22 154190
90 99 81825
52 53 948354
54 6 706476
4 61 562890
29 2 402984
55 24 501324
86 83 412616
21 60 49178
62 74 585578
34 77 303288
86 67 541729
14 52 331629
56 80 887580
44 24 645983
25 67 536787
18 97 956025
60 77 102168
18 70 777909
32 60 904652
34 11 658197
80 39 395180
79 68 584506
91 84 876279
41 97 755804
12 60 676592
87 99 717916
68 66 798726
51 34 432546
64 100 464017
80 60 687165
20 63 119785
87 96 483474
36 42 249668
56 90 729651
38 29 381926
14 9 264378
36 99 733853
10 26 550938
94 66 702682
75 10 383750
67 37 741700
32 10 140421
12 93 157228
57 54 429188
33 12 687982
8 49 679002
15 25 767731
91 33 873313
83 3 67138
15 68 241050
71 54 536137
67 51 804936
88 35 472432
65 6 243058
93 12 755076
100 76 12874
67 19 575812
5 21 519608
82 28 654493
43 99 305383
68 100 539883
90 27 539280
32 37 921674
19 86 774093
75 11 936368
60 34 246456
24 29 427201
34 94 871024
19 73 770415
57 61 100003
24 94 934676
20 99 949614
74 97 219814
4 37 68144
27 50 824895
69 80 162468
29 23 591121
91 72 375857
96 48 416543
91 65 174380
37 22 391980
79 14 25197
73 3 415132
95 90 350265
90 40 723303
46 48 789222
82 88 228410
19 45 417393
71 80 192701
26 13 263574
12 55 319128
76 48 333541
93 90 64766
41 17 298542
62 38 316790
17 50 555156
96 92 619546
33 22 11932
25 18 12253
99 95 11328
98 86 608400
99 79 137269
24 21 647086
9 22 405877
52 25 568123
83 82 60588
22 50 446829
81 54 479447
70 85 260705
97 15 340663
60 11 474429
1 2 6030
19 68 108130
85 52 965078
55 13 822203
40 65 531638
14 51 199933
100 38 929896
77 72 140986
9 79 478181
82 33 609297
82 64 118655
45 59 75796
25 73 687718
40 10 313614
11 25 638608
47 73 268729
72 67 251188
68 20 858315
12 16 166300
40 29 340656
95 62 60666
77 92 422909
37 5 974992
74 24 81599
25 95 573782
65 62 325398
33 70 669959
66 23 678998
92 1 825044
38 81 146627
76 10 568110
10 43 746273
65 71 582867
96 24 966035
39 66 278551
2 63 431445
59 27 859197
21 89 600433
34 66 393122
49 32 302354
18 77 755112
95 99 774352
35 80 686954
35 5 726141
47 31 604514
64 96 542381
82 73 448130
12 74 101787
35 13 182128
32 76 851241
76 34 663997
85 6 155321
34 9 322175
9 76 953954
20 90 825037
73 65 563220
71 91 534391
8 33 548706
13 46 780109
33 55 445390
69 65 974546
94 86 464823
83 74 357202
94 30 376096
86 92 252946
87 12 467187
23 30 45620
33 63 190038
36 19 301642
63 43 628904
19 58 51865
85 96 679693
17 43 548819
81 48 149226
42 82 74331
61 98 506857
93 42 279164
40 73 662702
93 67 376334
47 49 301004
45 80 332704
68 66 662062
61 31 194904
87 39 942270
97 31 76457
8 1 629165
57 91 223818
88 80 808314
81 54 587367
28 86 188895
74 67 935745
40 19 341289
40 42 487069
42 30 643360
61 73 162583
27 53 966298
47 57 974777
44 97 725460
42 97 867977
84 49 868006
31 1 420353
44 15 659989
33 98 602285
92 66 69847
61 8 859908
46 63 820134
60 74 312949
97 14 194892
72 17 492035
85 9 593731
19 76 503361
58 67 233509
96 69 453848
61 10 726249
29 68 437457
10 41 760046
23 97 23909
11 41 94712
11 69 503620
87 12 496403
82 68 805335
1 21 947311
49 88 444199
84 55 188952
15 77 479942
2 9 668078
27 40 352961
6 71 225157
33 62 502593
87 49 492297
83 75 108132
57 76 398984
49 3 413145
59 96 930176
98 14 751100
62 84 111243
22 93 764490
65 68 951647
71 19 379486
90 2 387511
68 80 733281
86 28 406639
26 85 952945
37 6 109823
74 43 114179
28 96 192929
92 47 121539
74 90 892933
6 73 320022
63 94 967048
93 66 29798
63 28 261728
27 75 3513
29 31 914189
21 97 575819
86 59 254888
56 5 444771
88 87 974376
7 69 486181
39 26 952204
31 94 431136
63 37 934406
15 55 132902
19 69 762485
95 57 316370
2 78 269766
42 87 18123
46 78 775345
26 62 740040
72 11 568991
74 60 834477
61 40 427821
78 91 975752
96 31 815951
90 47 765336
4 16 410150
2 90 870423
68 7 493078
78 33 187881
24 18 492852
76 58 394338
9 80 769198
55 46 469610
100 91 921672
27 30 359494
100 32 272483
62 59 106380
36 92 966449
92 21 738373
32 22 983362
6 18 615933
59 95 52622
58 99 22424
22 67 635328
10 67 449803
69 59 245864
94 16 879004
59 11 896332
2 26 470192
30 7 799614
24 66 832414
3 45 408550
83 77 25455
46 43 679762
47 16 268382
62 12 812085
17 26 565438
5 4 760488
59 24 899059
62 21 176527
89 72 767815
77 49 987950
41 46 104017
3 13 652840
39 14 938940
29 87 801986
69 32 197011
87 19 433603
7 70 557583
5 6 388567
99 81 147651
77 98 257935
75 6 357480
26 32 625063
27 81 794020
23 100 166003
7 98 775403
55 36 695604
9 77 270913
19 79 516868
54 27 549811
24 56 292957
18 24 948356
42 41 536885
28 48 243968
29 69 840620
94 79 857902
28 33 845046
52 79 748944
12 32 484076
4 12 957874
61 37 297626
40 8 452393
54 3 89774
98 19 466749
5 34 289290
11 97 554572
43 55 816304
15 23 467210
75 14 242840
35 12 962283
53 12 819180
58 74 696676
89 95 29032
6 60 444757
51 45 718917
3 41 314054
84 82 356499
46 4 888352
39 55 833297
1 3 869836
97 72 176669
36 62 962353
13 47 749869
18 80 168277
52 78 573101
2 72 747159
93 65 575895
65 39 785018
82 7 552145
22 32 299450
66 49 956752
57 38 433382
11 88 237786
63 96 508951
90 74 736909
21 86 527427
73 22 734021
41 43 433203
18 52 427902
8 17 53879
23 75 798257
66 7 346788
79 37 364524
89 21 959897
1 76 843934
43 54 910185
79 78 498845
95 87 941340
50 29 94022
48 56 585441
7 42 205378
18 91 950767
6 73 418214
82 65 176606
79 2 591219
59 98 921232
32 73 903539
52 19 684804
22 52 501560
88 12 760099
22 52 138592
45 64 89623
46 76 901135
13 70 665350
98 3 392362
99 76 206286
24 25 702897
82 34 186483
8 80 227481
50 90 645055
74 45 960742
57 42 623221
65 87 197248
99 78 46432
61 26 669731
56 100 922566
81 95 413085
6 90 732975
29 58 938270
15 61 872198
21 75 813663
23 13 211495
5 98 714643
89 20 76558
35 47 297773
10 47 336999
40 70 305384
37 8 538334
67 14 979469
71 16 944348
50 2 502198
16 29 409329
43 57 297107
19 16 160730
28 96 608649
95 23 456659
71 95 936591
64 93 284878
66 34 892450
69 82 812
78 20 721934
73 86 194926
33 92 275563
62 66 763949
10 23 759261
96 70 704020
55 69 998215
10 13 818148
94 86 483663
35 91 145548
77 25 379325
55 52 157822
1 10 290608
36 79 866362
66 88 78575
48 44 984197
60 61 656272
26 54 490292
99 20 742046
97 53 548413
26 83 951308
17 29 995802
42 7 239338
52 71 742726
9 76 233042
11 75 13880
59 36 89955
100 16 558259
81 70 450347
50 2 528942
37 44 765199
94 55 568520
12 79 565458
76 84 672579
36 64 941726
24 43 348676
37 41 308449
35 8 688663
66 74 130047
73 49 922189
28 4 603826
99 61 33847
32 68 738616
68 20 49835
67 65 252393
97 25 590612
17 24 903287
97 100 29846
41 16 109839
53 60 683628
93 20 54819
91 52 314949
62 51 471989
4 79 617404
27 65 957829
32 30 206980
53 5 624326
21 81 616972
68 26 897887
85 60 879372
70 29 818040
77 29 134157
53 2 645377
59 94 676335
35 73 859020
45 69 689308
23 24 413488
2 22 189451
43 37 915274
14 63 949189
26 49 985677
69 23 190267
77 25 71477
53 1 191477
65 45 621222
84 16 234052
47 14 640801
3 57 620174
42 23 828356
94 50 24065
4 3 155837
35 6 804546
46 73 543625
31 10 731705
33 53 230898
28 31 543976
27 33 270568
92 21 602405
6 36 137241
5 70 435519
25 3 788386
23 74 583431
100 58 442424
88 97 461366
46 27 57928
36 48 436292
17 4 306117
56 80 380940
45 62 398440
35 44 843062
51 88 608607
33 77 156586
51 64 891204
99 47 247657
30 42 795656
20 5 862469
66 79 147848
30 70 361437
42 41 472333
19 48 488166
17 26 178870
82 85 249601
57 51 695981
31 86 682591
7 98 199851
92 34 875789
62 10 86462
31 8 201500
87 56 674890
50 88 168276
69 86 331688
39 18 624169
83 53 336387
4 37 387024
76 27 960769
36 73 528629
44 2 736288
45 76 161280
9 8 743731
79 18 389622
91 94 324487
17 37 675461
77 46 651882
25 39 245644
62 31 493013
1 98 820922
27 72 964408
36 89 6661
5 83 537211
99 60 593777
49 34 398046
78 41 288170
93 61 926412
81 62 765363
33 84 459994
55 12 721216
45 67 86917
19 72 587920
96 3 88082
40 75 402544
91 18 378463
22 1 713075
55 59 306199
43 34 684920
77 53 23060
16 23 494096
9 27 77399
35 14 34374
25 90 181039
81 91 421093
5 18 142154
72 17 332035
74 22 283513
12 93 503100
58 8 929827
54 82 217852
15 73 437333
41 39 783764
20 98 989856
35 99 893500
94 65 322915
10 48 676337
89 90 232545
64 59 785595
53 70 209097
35 80 759602
3 15 772649
13 48 346547
57 75 443160
92 52 241695
38 20 722242
80 87 27458
60 81 784922
50 42 357937
1 24 604533
67 46 486788
7 49 729172
71 28 974296
44 20 119484
85 86 208997
81 43 972578
1 89 562112
17 52 670993
62 81 497203
58 82 365986
90 66 536580
100 25 409818
45 43 989459
55 76 904653
49 71 294598
95 86 652262
68 97 304885
67 62 425115
97 54 921632
51 56 325865
90 72 807752
27 37 273248
66 51 816904
75 90 113951
90 75 197807
64 42 786290
15 48 964562
1 21 845423
63 72 580798
28 81 233050
8 32 754728
13 67 997449
1 22 493115
92 31 966733
81 26 696957
57 20 510316
39 100 244694
21 66 212316
96 59 453712
44 26 4664
97 39 937448
27 37 112952
9 80 949446
46 99 787185
24 52 449994
50 31 64825
53 93 913936
71 73 81129
65 18 890067
90 15 160068
59 84 344607
35 9 231860
7 79 193572
90 59 184309
76 26 828936
68 8 835920
55 88 804997
69 89 953158
19 57 690937
60 35 723915
55 91 619279
100 38 202504
36 83 51259
61 67 289622
88 10 359644
79 65 868601
20 74 989106
18 8 762844
68 41 176655
13 80 460346
70 89 478470
99 27 275991
88 3 165144
10 66 437051
58 21 583009
34 42 725112
17 36 820823
35 96 858114
83 1 34786
61 25 947909
67 2 397067
75 60 213149
48 93 795636
21 27 8896
69 63 198919
54 33 650867
64 74 951277
77 66 315254
60 53 648820
49 48 989890
15 18 404870
88 56 831582
11 54 175332
88 95 129716
69 49 88105
14 6 746616
42 36 415492
58 75 61250
5 97 84947
25 70 587016
98 21 397715
3 95 333628
88 31 182157
56 48 464681
72 45 769977
31 46 44082
95 3 211428
36 89 454325
37 49 232164
25 12 509437
81 51 785064
69 67 739249
5 49 672876
84 64 963386
8 41 435415
77 44 650907
60 69 350351
11 14 514560
42 96 160743
37 52 297228
1 63 337513
64 6 558367
68 58 343203
92 60 143365
35 4 624277
38 24 976765
8 38 822477
71 14 426827
8 37 191630
39 84 480887
99 66 901803
67 5 739324
97 42 389721
44 68 184079
63 19 470094
26 8 118767
93 25 562641
53 29 617537
53 99 81467
15 45 826923
91 45 695274
6 24 3905
43 34 119240
5 49 881484
70 38 773118
18 52 826350
79 93 248586
55 39 641217
73 94 234857
63 97 878497
45 90 354521
92 71 445645
84 70 5115
20 91 298118
37 60 771834
58 5 964745
78 83 489070
98 13 423842
66 22 678080
1 5 728487
49 66 99664
13 39 366194
8 15 391218
95 87 309092
18 61 960832
26 72 169361
81 45 871421
42 91 300223
5 39 838979
94 1 489897
96 92 770106
92 10 368820
90 89 649113
36 11 22993
87 35 897200
91 9 79920
17 66 328239
99 38 113368
82 72 792873
10 69 533654
93 6 869593
47 93 35078
5 83 112091
30 21 277738
84 65 771043
92 38 227124
19 26 17857
30 72 728070
83 89 150454
6 98 254932
24 4 230310
54 40 177468
58 22 953773
2 68 739937
90 71 7034
52 76 554539
32 31 511516
43 15 830638
54 20 450944
30 24 882836
43 67 165190
64 67 200700
53 44 666841
45 39 935012
65 60 221003
49 98 365471
16 42 67244
9 7 623913
14 33 88161
2 67 203027
47 78 648041
54 2 529932
53 8 990464
11 58 475778
81 80 590827
33 87 655739
51 10 460659
19 32 332162
88 26 644310
76 21 339087
97 66 459713
88 18 149765
63 59 509751
24 35 122335
53 60 303324
26 76 577424
54 99 696586
31 55 178656
52 68 184930
19 84 257498
49 29 638867
13 7 601789
94 21 233642
89 68 987493
66 40 148245
36 92 541945
54 25 185300
5 67 570004
68 4 774014
27 30 36174
99 56 291394
84 36 692436
5 75 36127
87 71 963373
76 43 186405
56 25 651276
47 54 759931
24 42 965276
41 71 147795
52 35 182929
88 24 693753
50 83 668610
93 11 585313
42 89 639663
11 61 974941
76 19 941265
61 31 408720
73 32 649451
26 72 56433
93 17 581775
4 67 189116
11 96 161244
21 84 983866
77 57 171307
38 36 245685
67 45 820957
11 77 681179
74 12 667603
43 37 314658
91 37 435385
15 87 442961
19 20 658773
20 79 690017
72 97 368165
6 92 601506
86 22 689953
46 37 222760
7 85 377154
63 58 690231
26 51 556829
33 44 185369
32 43 499412
62 88 511970
96 9 823606
33 57 703361
5 7 49016
72 63 239286
50 8 23629
65 63 932931
71 67 246350
45 28 63773
2 44 250744
4 68 38710
55 15 162374
40 87 766482
59 22 83727
78 26 696970
91 37 556257
79 76 942195
42 12 39088
25 59 878052
7 55 541042
72 23 88778
28 8 242428
14 92 584338
18 75 899733
46 2 467791
91 9 689720
71 9 785871
97 33 548067
64 85 694066
80 82 270296
18 32 582804
82 41 340200
99 66 86923
62 81 26675
37 5 667328
75 28 285941
21 4 655464
30 52 947858
15 84 658318
89 28 49047
7 38 131519
57 30 827061
25 39 571108
40 86 927268
17 6 17202
39 11 864476
67 10 969963
91 77 246879
83 7 874099
38 73 926224
86 77 662695
67 26 349549
76 62 205896
16 94 820300
89 17 784844
27 73 250055
72 82 463313
82 62 532712
69 81 336873
14 5 701111
100 79 327941
31 3 182685
85 5 755490
82 53 160879
31 100 317983
16 32 578608
74 52 281233
43 17 791755
94 19 519150
98 69 250312
60 71 305408
29 16 207601
45 18 736323
81 26 894317
31 62 520677
39 53 53149
47 67 188116
85 2 486337
17 25 305706
26 69 74084
68 31 274428
68 42 1268
72 100 667345
87 28 930139
50 71 770889
