1002
229 137 509812
118 555 186827
863 742 412865
608 934 620416
354 491 383316
875 126 801390
450 285 523652
627 488 323462
880 269 52525
805 704 414294
829 421 353201
67 858 683794
824 589 731248
70 54 934854
470 311 892775
548 492 608687
135 191 433217
816 61 883793
973 62 534719
360 477 621840
737 790 545089
595 513 772282
276 222 422284
230 314 57677
232 485 558766
789 24 489605
996 316 552510
221 261 911042
330 777 304927
137 514 154052
158 554 181890
932 238 962911
845 30 393258
854 639 773902
154 786 466191
860 363 205655
267 51 558079
536 151 499418
761 306 946059
166 838 866314
271 133 310173
925 295 629037
286 598 303266
602 509 272652
700 981 941681
390 706 692186
832 536 758447
476 541 651955
988 455 64302
311 434 905113
887 99 107457
654 766 371128
160 619 382119
647 937 260208
707 310 21240
413 201 9854
30 7 407556
417 603 835916
556 793 564309
884 989 117552
855 779 174927
694 667 987827
724 116 500877
697 774 58052
818 512 824911
879 923 114193
392 425 683456
516 344 547857
129 616 631682
500 148 272316
559 916 60200
663 631 647450
937 111 426507
192 349 285332
656 501 423231
23 815 650617
951 571 567912
623 567 75009
161 275 47962
518 994 849693
687 622 510638
465 971 276351
594 629 197438
777 244 975171
904 861 831768
332 623 467883
691 473 23738
74 711 862731
130 986 97064
528 129 899519
93 397 543824
486 158 453234
3 500 624141
364 996 145915
352 581 255237
49 741 860743
348 866 505894
12 450 240306
75 278 403918
335 168 579563
249 376 990826
721 634 430767
578 410 246409
490 523 404833
407 131 383013
945 894 454912
165 915 19013
662 987 408832
926 950 549356
313 415 317471
621 438 693191
10 357 650228
435 188 708383
168 387 399268
821 906 328885
213 163 213520
60 88 349684
24 341 684688
73 977 85222
349 286 968058
487 949 761270
685 345 478263
710 5 834339
296 606 355523
584 83 279635
304 356 800726
580 558 771367
755 784 445082
606 785 501163
82 997 821939
531 640 715240
187 519 330898
26 172 472972
920 545 210212
903 796 936934
211 171 632301
782 722 289586
740 153 23073
871 108 59808
317 960 431870
521 678 582521
924 822 817654
772 367 520515
397 336 216572
374 750 471054
757 948 934633
139 308 871715
526 226 913632
443 816 751454
439 804 6439
634 795 702627
693 91 27467
428 210 409726
649 803 83352
87 402 694666
644 154 135914
136 956 456269
933 964 439862
611 717 276303
8 929 851400
815 965 5327
628 325 713811
717 783 566091
896 798 554567
969 672 467019
85 931 166023
765 134 463002
720 614 113228
48 974 726046
112 372 95092
172 730 195856
696 692 939457
751 136 557590
690 448 601013
263 150 165631
80 566 862637
241 945 752442
307 271 406345
11 78 906476
762 572 375206
712 624 616469
668 147 289473
822 840 378838
462 993 789602
532 958 901746
775 351 261331
846 71 34246
658 194 679083
989 577 581168
965 483 291282
645 289 532538
316 857 628093
399 662 672311
986 328 654404
120 60 879318
350 551 836072
542 489 445745
653 103 184789
791 885 975267
199 910 821763
882 834 795619
445 879 250731
458 209 411375
99 776 629131
224 15 492392
180 864 79263
511 267 232199
504 791 18717
239 943 888039
141 593 145764
268 481 745197
962 544 119682
90 759 442159
760 764 404604
421 782 730754
236 862 896971
804 446 439079
786 660 748548
892 265 181404
386 655 204962
167 889 18518
866 829 784726
53 756 223793
610 831 375761
705 893 114739
975 732 161490
183 287 670680
701 463 646944
703 98 314
514 620 735884
638 72 929711
380 214 203842
778 925 1767
954 205 647968
358 253 996203
143 401 92154
404 433 380871
305 842 832256
414 440 981428
957 537 384409
665 585 481505
195 122 434048
630 186 567225
679 213 249172
618 73 145072
210 763 623443
943 236 724157
853 962 345875
597 112 254556
209 144 965093
115 944 658267
790 49 256104
843 506 16925
432 978 309671
461 361 449914
709 743 43570
280 29 543852
864 413 169146
590 390 351055
314 508 176594
997 97 383667
37 409 576822
322 190 153591
798 152 135733
14 120 298064
206 713 853236
259 887 515498
669 871 724453
537 115 60865
877 601 610119
262 550 63224
890 260 168541
55 718 87596
248 264 918343
225 809 766772
398 232 395045
18 635 426735
127 220 188625
833 327 120054
88 729 112286
419 592 84822
303 947 892390
876 75 429104
128 850 751378
258 677 218865
65 315 295476
478 406 995751
134 374 882420
936 206 396777
746 557 392136
800 33 394197
982 36 641381
572 806 402323
523 607 487923
632 423 696751
577 292 911075
480 28 62431
865 412 105155
363 442 998207
524 101 660708
369 215 630776
651 347 219168
874 770 713188
823 304 625334
794 528 395392
133 542 60502
323 939 688064
216 228 673193
41 85 609817
862 641 891150
59 618 832024
295 42 943871
848 262 591322
968 180 372653
942 647 376506
592 441 797374
338 337 559364
202 358 253899
664 52 833740
246 837 917797
849 646 293551
953 771 642872
783 765 480380
801 403 106486
227 342 312668
441 312 224620
312 942 460596
429 31 884535
440 650 323105
960 237 541202
513 855 893161
468 799 375427
306 638 914393
893 615 633097
624 924 98037
359 256 231127
763 140 769082
155 714 161680
582 67 152447
888 630 803919
929 781 465148
327 562 64427
451 800 343795
489 303 606285
333 821 675922
547 107 859653
63 828 600868
122 532 622912
570 393 733509
900 404 980025
615 282 333903
895 663 306656
420 66 117871
814 320 114692
840 526 991820
344 469 215002
850 113 787221
684 792 929791
952 617 141505
512 534 704259
83 391 967781
716 19 153774
575 757 935511
629 859 714092
844 899 341885
931 339 398814
552 968 690564
38 408 549810
318 529 201197
365 702 794335
744 728 530274
234 628 501647
681 772 853024
780 157 839154
534 377 677056
290 643 761475
302 161 635674
793 817 677952
200 909 188118
538 284 587226
299 768 478898
648 745 722123
999 609 847782
425 721 716751
607 208 677029
320 878 649246
94 124 508310
689 417 172739
743 127 505833
784 651 505410
803 159 784137
464 897 924440
382 957 594649
748 291 484599
686 613 284976
250 141 882577
711 747 849646
372 371 503491
463 454 102321
831 177 106242
539 81 867532
243 8 975151
442 368 663890
561 55 391280
640 218 429437
44 219 766081
633 84 831093
659 396 398492
667 2 795891
555 825 958600
147 564 314348
164 193 536389
870 946 842003
916 691 136106
370 975 515228
77 288 932309
341 431 297153
401 661 621401
847 731 986773
34 460 924450
715 527 333298
727 610 975338
704 420 888005
898 814 201837
46 360 134734
483 820 908023
481 166 379614
598 649 589225
331 407 503333
427 851 728798
269 240 406585
106 47 783901
661 176 315204
297 686 512171
378 183 891296
456 385 444809
706 114 949194
467 666 620074
184 4 606778
990 652 259586
613 967 654621
549 202 988465
842 735 761524
113 276 673442
808 77 67459
797 531 199990
423 322 983459
343 106 892693
45 380 634001
565 56 160337
545 807 48036
499 273 47060
123 294 698833
979 802 244967
688 515 378948
283 733 440274
827 476 967720
619 712 108286
175 976 17418
601 818 883149
379 10 235656
437 170 42177
177 738 54087
834 755 671252
1000 903 959860
294 507 311390
692 239 350167
955 1000 336094
203 479 204715
361 378 728202
469 760 697489
604 659 376305
987 625 996252
396 626 508901
586 687 683678
519 682 879101
251 645 965887
32 350 983854
881 204 189037
758 430 948501
148 998 669215
731 874 53
505 966 262262
231 365 434403
387 227 239452
785 510 373810
940 932 166418
176 827 68195
581 953 699081
244 13 676298
503 184 136735
383 118 754562
776 22 944779
471 737 179728
938 493 3203
170 498 57755
566 670 47021
732 848 123948
452 901 330778
994 553 624829
792 419 374956
454 881 236026
509 307 805716
609 708 342704
719 969 203554
29 44 508952
174 252 20839
20 74 493047
472 674 62441
324 726 602019
971 80 43769
204 414 892958
124 429 31254
576 921 10177
812 918 218458
240 234 607395
922 546 226555
894 181 271986
353 797 528900
270 432 988345
169 892 448381
138 565 392567
488 198 503204
600 82 277538
301 178 179227
28 517 860581
212 453 192891
515 496 584943
635 905 78392
447 669 238917
347 447 982116
993 583 974757
901 428 78246
265 773 338821
617 370 634263
670 388 513453
108 525 44417
79 69 526113
970 919 643843
930 160 377390
219 6 377946
477 578 11239
677 690 383245
278 654 25105
207 679 721615
959 335 394514
96 600 470471
729 68 427882
554 283 921642
247 185 646049
708 435 289300
257 801 763734
702 699 969445
909 540 852634
718 705 143402
400 117 385190
410 50 805176
795 823 944222
852 175 481014
261 411 478679
683 17 770061
198 424 144850
614 744 686845
574 980 751423
408 102 950756
911 852 651543
678 826 749852
673 197 574818
766 216 482659
345 39 205597
256 740 683013
433 627 976880
474 14 877396
33 138 642515
914 992 265356
375 875 846213
995 597 104113
912 199 912278
739 608 71276
759 130 508668
958 277 55911
416 482 456294
642 241 470622
835 86 127224
734 96 438482
105 155 901118
972 710 145682
646 520 129454
626 984 184844
781 422 92402
61 11 420152
643 470 959422
19 868 905284
444 221 988931
81 104 492655
573 32 170871
418 808 23346
273 995 503947
660 48 64512
949 644 404209
58 459 963489
235 877 737531
631 813 891099
736 719 662405
779 914 811342
992 20 238588
902 465 499048
756 145 260139
839 297 203805
282 354 106152
205 849 905731
956 824 97356
9 574 325169
4 179 32472
825 26 544915
163 900 740846
699 34 680393
388 973 879766
337 568 804561
637 926 928006
208 547 191890
438 648 356552
402 146 219120
116 604 57051
42 832 373821
754 694 245902
315 484 589532
179 203 734601
284 911 696766
899 245 98745
117 333 873930
485 332 489716
593 518 833486
950 200 734943
272 836 931212
525 873 539537
774 723 450344
726 982 529774
869 751 870113
560 860 178844
217 436 871949
125 594 87172
384 70 429550
769 142 921663
873 471 787566
558 280 343371
684 334 81352
529 207 286363
919 386 862086
448 637 483805
788 940 202882
182 863 458974
563 642 21069
928 281 952619
13 364 810599
319 472 93437
36 522 678313
908 844 71787
939 274 480349
395 196 768404
149 979 249919
406 467 704694
188 695 165907
455 499 543347
460 586 630679
810 930 3535
281 812 516548
974 716 857185
585 25 823051
220 452 62477
186 254 38754
321 543 248727
415 383 664447
921 671 859709
530 53 255023
838 703 602956
98 819 112513
214 908 207306
86 591 689621
279 698 352002
749 516 527867
622 563 197318
588 697 352280
173 326 745092
841 854 963422
260 736 721804
771 243 878485
215 788 374117
767 599 531538
915 884 138491
878 223 93948
89 846 429697
328 87 261717
946 217 214812
589 912 307030
906 684 828579
680 538 41080
741 560 913641
157 752 493655
750 917 449321
308 426 636826
121 552 983064
201 983 663234
76 255 84352
546 701 720277
190 709 469451
252 444 349099
773 125 445324
84 556 103079
508 505 638107
493 865 573883
564 636 621671
405 867 468119
923 511 212503
905 789 165135
62 268 622354
612 27 374086
475 63 610819
735 135 721094
836 230 372007
181 224 383377
193 346 339006
255 369 664529
254 869 528158
753 93 61790
885 746 452969
569 45 659973
819 688 268564
71 573 676775
1000 102 27745
196 293 95125
5 938 223826
935 90 385126
671 761 936310
616 451 253003
787 810 266870
571 582 246245
620 486 978024
264 57 647050
275 612 842566
730 76 428001
988 934 773067
948 611 841933
813 189 493883
274 595 853587
277 474 20677
92 250 911401
501 392 601503
492 302 795449
453 340 936845
714 959 734704
446 235 659839
799 211 568200
557 352 119799
339 309 557164
568 58 388713
35 767 172726
223 504 953153
289 324 951013
242 23 266602
191 382 969592
377 16 773390
126 329 355138
287 164 212441
391 46 929959
551 395 486202
553 272 903746
131 79 706493
381 727 239537
806 920 643844
533 162 679330
998 922 529362
449 40 251257
110 835 176182
917 343 334335
985 657 366688
682 490 970411
830 955 246327
253 263 184070
666 872 927803
91 724 691686
596 870 959476
872 301 441682
51 830 358493
535 580 321249
104 753 239669
52 845 451340
371 439 82619
309 561 571836
796 876 288497
56 249 393231
675 321 3823
422 548 127720
722 787 570866
362 100 821377
587 173 628375
541 229 175245
891 913 443085
820 437 770413
457 119 954919
527 935 40344
431 12 422152
857 212 55517
851 725 575405
466 579 13401
550 480 894374
102 856 437305
491 247 690145
672 251 894138
385 524 689168
197 653 875743
837 495 317668
7 394 632272
66 319 98330
69 18 69002
599 64 172776
436 375 614908
641 927 774964
676 715 254514
300 590 900397
828 139 332768
68 928 226342
351 270 655530
562 794 392391
111 961 733652
17 685 295344
218 95 405501
907 456 216989
459 497 955639
266 632 186791
886 734 811983
355 880 758680
964 299 576838
412 549 501989
288 257 600531
859 676 372931
764 362 59206
389 673 670838
770 693 208969
579 533 555580
291 464 319954
889 890 819090
752 936 277599
27 246 429854
150 539 52669
858 318 978696
826 494 171366
768 445 41151
54 888 112177
738 449 765434
728 143 629283
109 128 552776
867 991 619064
976 225 483225
498 399 857253
50 192 891724
189 384 124688
494 588 281691
21 778 233351
152 990 603145
222 754 397822
25 769 504574
713 313 76547
507 530 870371
636 707 122574
326 355 869526
910 739 955357
145 841 670299
482 296 69265
411 668 499234
346 680 393187
95 700 7109
522 187 504978
517 811 970028
22 749 47441
403 664 785588
856 466 732817
934 683 838495
426 231 702011
146 748 885956
336 305 77412
64 575 885795
495 165 192293
883 988 414850
807 758 60783
605 65 261883
980 398 139771
238 895 674433
918 792 212234
984 266 613391
725 92 972744
237 972 180474
368 886 82462
373 43 750874
745 762 667090
811 330 446973
153 35 823951
142 675 146894
430 300 765046
310 907 519512
506 596 222061
47 602 255529
132 418 256170
107 521 395762
747 475 387241
39 195 320831
966 331 90881
409 379 488976
897 902 799263
245 94 904651
913 443 711163
97 405 907898
484 156 533279
178 348 152052
293 298 460513
366 258 880616
652 109 51440
961 389 43346
356 167 87980
868 462 832252
520 110 553814
329 427 711878
1 233 337480
981 317 103354
162 587 523708
543 954 507112
802 468 674887
947 576 507780
657 780 627008
639 847 715633
194 400 504193
650 132 43767
963 174 675120
298 359 487534
101 951 234929
473 381 398552
340 123 541847
941 621 254564
159 570 275353
695 3 135163
233 891 582041
567 775 879998
983 656 914038
967 681 177489
861 353 756114
342 882 484022
171 37 50186
944 487 992893
367 259 891055
16 898 353891
185 933 495769
978 985 704287
510 970 339955
376 182 473373
43 416 379953
78 89 636548
31 833 587215
6 843 781691
325 9 335528
226 323 199441
334 941 135101
625 59 630144
100 805 414910
927 883 33569
591 21 42718
15 290 663155
544 605 779856
228 248 10654
434 569 391342
357 105 477375
674 665 119859
742 720 887603
655 896 67187
479 502 302135
140 121 917091
285 839 117640
394 658 71395
497 696 967482
809 169 243887
817 963 665426
144 478 400167
583 559 681543
540 457 497802
723 633 195417
103 458 799767
151 904 910352
698 242 708783
156 149 925338
114 41 291449
496 999 650891
733 366 172170
393 503 730097
72 689 141628
603 38 118363
119 461 938143
424 535 639982
502 338 329327
977 584 940175
991 279 204411
40 373 564257
292 952 801190
57 853 779327
