2000
485 932 530433
254 586 855457
605 808 168459
990 891 290818
33 270 643742
440 638 888556
368 193 715576
87 829 636028
86 544 93591
22 468 967904
57 801 229472
884 71 164698
293 76 603107
223 990 333999
520 818 344061
342 642 551591
822 800 43704
697 194 19927
836 920 930961
615 207 802811
134 613 336078
933 315 567603
738 383 867200
912 793 830198
117 942 244636
438 9 949599
757 420 340703
61 700 543029
733 456 807812
10 575 164042
392 691 984785
551 905 838663
331 30 169113
407 119 750092
965 968 252032
597 555 595222
889 468 712548
504 740 960456
192 108 983814
266 498 508473
815 458 797808
200 168 894942
364 964 94636
539 604 464968
261 23 830258
559 620 12972
401 444 920109
439 327 340245
35 557 973878
618 239 311419
2 461 452391
828 358 264448
856 540 947120
62 688 26299
346 619 364772
81 466 338912
111 37 396168
212 664 586068
313 487 153032
780 783 976420
293 994 866226
60 334 295191
840 888 568823
347 353 112853
399 572 653329
85 655 311850
722 611 198181
743 944 578963
892 697 437586
994 583 272709
976 67 763981
932 594 250352
847 192 795722
557 502 263200
973 892 328125
282 904 227127
539 120 810839
894 806 327951
536 4 330251
874 866 331812
311 494 190336
540 515 148301
444 514 20301
52 805 440650
354 705 972230
546 750 940653
671 188 965245
32 224 536992
801 138 66649
398 345 780490
341 255 952479
828 10 356719
903 562 527587
485 957 503677
706 240 966390
218 573 186177
87 191 795351
381 333 253561
386 635 353963
518 233 748780
183 471 342256
777 880 241755
411 176 759294
784 334 812771
266 636 872938
58 908 242579
296 812 326137
530 738 243696
574 346 890671
777 3 160058
619 771 40926
685 953 759691
50 983 718575
74 272 467386
85 445 346258
615 904 854845
570 148 166249
848 568 348541
808 381 434039
215 154 580225
594 513 642061
209 663 391579
627 959 891533
3 130 833465
826 781 822175
189 7 296466
846 854 436191
395 377 901965
4 144 108724
146 49 466112
434 461 492891
703 309 791522
910 119 577045
915 747 825924
442 284 137359
855 690 326240
68 160 668674
734 60 157175
303 19 25445
274 503 33176
649 170 840535
999 252 620406
512 279 467952
207 235 923332
253 261 99227
764 804 776184
454 242 817781
601 450 126964
538 835 4056
805 487 902252
690 339 283489
800 394 778738
892 518 218335
851 459 215897
746 748 43466
716 672 809255
661 356 26524
988 391 55320
224 536 862898
524 41 484081
601 521 39532
9 213 309280
407 225 667814
679 477 889334
313 778 612342
165 449 25515
775 657 286541
410 359 282904
758 935 491431
900 968 246811
680 104 362084
874 4 893999
756 730 571966
397 878 455590
321 942 179931
684 585 542129
749 768 141293
743 280 256066
835 288 482
683 15 416548
597 666 981810
663 446 968606
86 734 298948
613 589 152390
563 80 102992
38 172 545125
251 54 348906
347 222 419480
14 609 211182
624 195 392731
676 55 445691
14 727 886382
335 119 541638
594 658 316373
9 966 4670
169 49 55550
474 106 766751
369 413 961625
503 991 276487
761 616 232681
494 736 575953
732 853 709259
335 62 802948
350 178 669511
784 493 626638
421 737 788160
820 482 555709
217 777 337398
863 763 344816
140 425 647494
382 425 873186
754 174 320204
522 551 569927
105 428 165505
781 629 388085
250 79 920053
896 93 790431
878 314 583014
853 422 144191
722 360 680669
982 13 211573
455 814 656054
424 419 897534
54 291 84226
292 659 838096
515 983 10971
302 984 780357
766 40 951325
5 997 41711
981 617 613112
999 774 80791
221 737 852304
656 527 266164
601 27 554855
509 392 891903
955 559 169600
266 70 560661
459 680 875964
426 766 423834
276 958 34314
516 206 301314
402 867 419125
963 43 446401
138 796 935538
803 384 876035
639 98 694965
174 780 379284
291 913 564011
855 11 689607
996 54 626990
110 788 167698
599 802 14392
217 917 57654
456 929 57479
160 358 430583
623 908 271880
152 759 130045
933 225 838783
642 976 26804
403 660 809645
442 258 542697
310 40 355786
202 710 856633
893 141 682746
860 579 143705
569 944 482713
410 870 505527
688 801 199802
972 981 55438
820 569 948880
841 476 640488
876 149 196827
663 444 83885
539 563 898553
720 658 285999
395 743 288813
780 448 404870
567 847 3983
556 555 737708
469 33 114364
209 409 1330
839 159 771901
42 842 335597
438 667 560982
76 281 469
234 344 134036
491 550 666324
762 362 296962
742 207 502713
752 770 372223
844 906 153830
320 454 982962
58 33 353515
453 991 479093
326 766 108890
636 153 428683
586 180 298737
754 58 39472
791 403 118303
813 291 81209
79 116 747246
705 913 197827
968 364 472215
517 900 456909
126 133 343383
895 826 289965
782 442 325287
254 576 29031
737 201 873824
565 23 441185
70 324 164507
752 613 899383
225 345 131689
307 91 660663
352 727 755133
917 989 206460
10 299 82956
37 998 773202
278 456 254319
924 986 931341
838 715 84940
432 766 826527
442 38 616508
829 190 296863
965 605 304089
130 142 998209
230 49 552284
667 562 547977
309 968 540104
111 222 343000
918 897 190157
226 835 394615
33 944 213907
819 926 773875
962 530 332238
198 753 159099
85 510 817207
857 434 390325
859 290 606473
615 973 773573
568 248 324834
579 554 776877
496 838 696250
800 782 856385
163 390 126667
877 421 350377
466 862 39874
460 637 398847
585 573 332340
933 387 100664
405 378 492111
342 269 896768
308 779 661843
97 760 968711
641 134 244464
798 27 248882
287 629 51203
907 227 391153
566 622 84834
889 484 542156
423 499 344922
902 587 689665
284 74 759005
610 23 111755
918 576 899559
926 671 459181
773 652 631939
289 427 962207
468 547 936099
891 45 423980
988 507 258066
484 960 867126
286 642 299267
338 613 711906
447 181 199477
710 701 560415
445 234 255542
101 892 228566
832 971 747430
930 281 719206
829 933 190651
433 562 208113
429 828 423286
812 213 58142
335 711 953183
531 755 480908
850 94 984430
984 361 773878
457 556 546371
43 787 362962
694 577 194196
358 580 604923
963 251 704459
635 175 136419
648 75 580080
86 548 744802
726 78 788629
560 934 254744
807 485 592650
546 343 88307
461 658 156697
309 256 368709
28 183 238198
488 90 166004
857 63 754180
520 743 750197
998 316 322379
771 94 435758
267 786 248961
585 265 69390
766 48 552350
6 395 743374
604 718 601711
326 39 886199
580 560 596411
319 216 955881
86 155 467610
764 810 83845
974 324 767257
211 761 944941
58 845 853265
916 396 99275
493 484 575201
953 239 719668
827 538 315955
13 218 302954
764 160 574570
45 188 798089
103 57 818905
744 82 796052
225 105 734573
316 668 866181
883 445 171658
483 553 616701
497 4 218526
130 578 344562
145 396 298689
375 114 409805
554 240 464396
249 384 158799
649 964 908109
298 306 253399
382 371 347583
605 29 865741
230 429 529007
80 43 669598
670 799 427373
407 842 351047
290 916 124440
140 33 532328
649 499 96600
143 668 297061
1000 884 190948
594 957 961824
458 72 685021
150 411 404698
529 741 297478
596 444 237722
490 907 263483
651 972 580836
659 238 25981
778 815 620801
591 977 377298
476 762 54919
634 364 441814
612 937 249409
384 914 717027
148 982 84265
213 810 689327
673 385 105511
395 216 90795
81 977 296635
372 577 991219
969 600 782364
845 593 406684
571 634 59983
907 463 825132
265 615 209039
31 164 435628
400 455 630506
452 152 849875
750 449 825041
103 334 44719
784 503 686361
492 614 90390
30 154 369913
164 593 103951
32 871 35801
930 858 347868
22 903 260250
80 102 39000
52 500 2171
853 436 473976
684 705 300307
226 168 421771
885 655 28324
306 260 426194
88 912 380745
776 769 321895
743 90 667355
729 559 380024
490 701 203943
118 98 254522
193 679 436036
851 512 218881
100 304 752516
863 895 238460
122 169 765270
611 279 123191
354 505 213447
506 655 567358
399 367 402920
732 151 569951
700 640 36044
381 669 480195
264 328 965855
330 794 352460
353 921 772934
900 469 399182
368 215 118123
772 272 321382
718 344 647704
469 504 344469
396 190 819334
518 481 714020
151 160 122591
952 251 734214
136 918 297609
862 840 386274
973 699 732873
506 561 705461
59 967 186844
592 979 624028
740 916 573358
63 919 168844
627 802 813380
479 312 805053
155 875 545168
787 479 110021
297 420 355310
67 996 220192
395 701 459981
883 655 327238
705 153 51365
45 118 290546
517 951 843717
797 32 485599
182 917 367948
788 708 41129
30 411 717585
171 70 735147
698 873 261673
394 692 771671
821 49 996549
713 97 986237
650 578 450986
139 129 370472
990 417 262457
356 740 525858
850 296 691690
991 913 94966
632 789 960166
790 172 107530
701 20 447460
124 812 306571
55 366 593930
749 726 800670
750 217 925847
845 712 917091
455 931 360461
327 136 453268
205 289 979583
64 622 985898
997 632 595678
464 961 620229
328 871 567322
66 79 977744
744 886 426432
810 98 48011
152 78 731582
540 538 815785
486 765 306200
65 249 968748
53 477 984761
910 260 28423
804 569 724993
986 2 816480
469 499 974669
295 951 229352
699 135 725217
574 778 898122
628 791 846093
233 636 432576
102 299 14113
842 712 690021
103 963 579644
374 813 592745
895 215 719174
651 827 751941
996 89 649226
911 41 938763
340 982 564726
68 772 624675
381 331 99991
764 160 160090
895 80 262552
572 773 611963
219 481 160888
942 56 887345
468 415 158964
833 505 944562
28 311 128946
884 875 374
995 944 156405
202 998 706426
353 544 624314
293 760 954341
530 787 308816
356 777 60506
728 440 167435
192 66 314441
147 902 362806
84 703 249216
392 287 790026
606 250 340708
965 124 394235
630 954 513143
194 868 256579
78 100 760413
682 327 489567
877 579 374800
525 964 311304
822 403 372026
237 232 919564
895 176 912689
495 579 303735
363 680 913889
415 922 637235
36 293 235789
452 425 267537
396 944 762921
380 797 484704
845 149 163502
900 348 421759
221 643 779992
17 673 781117
722 141 943649
230 110 634969
797 867 441545
280 828 434826
232 84 56109
630 226 635634
32 927 168794
434 877 530736
491 821 720155
91 688 496982
500 298 630924
618 932 25728
131 189 953735
767 995 125564
260 877 921797
327 60 788915
872 629 432813
22 669 512421
25 650 902161
866 77 39048
992 850 567946
396 945 166050
751 204 420521
573 353 330151
581 674 925062
387 851 685613
175 883 549463
534 285 634220
565 167 720886
886 570 651522
856 921 326828
219 562 187241
721 594 922738
897 338 647888
363 209 363090
538 769 445749
987 88 758310
174 954 888049
634 63 968567
204 930 267419
853 610 831359
103 116 802440
521 336 382872
724 103 47359
198 464 603884
989 73 714237
894 577 595
600 983 394534
542 621 952327
2 465 285988
743 662 111916
504 822 648965
431 325 133160
689 300 34401
46 341 714901
112 540 747817
790 521 29843
912 197 562849
166 716 853112
865 872 159880
239 582 265511
934 998 655004
734 852 755782
848 756 295781
906 414 826301
809 246 631755
124 245 175848
67 16 225240
484 938 132534
779 465 76068
404 343 598704
595 601 885872
815 447 163726
167 880 355751
414 598 84828
121 703 408698
431 481 630023
428 19 517478
41 907 532742
533 925 58351
806 714 354574
272 128 597801
472 839 304408
450 795 848512
324 459 326968
406 495 506133
478 645 71855
389 180 541703
188 756 51461
625 382 291246
674 190 370228
430 714 641856
780 521 484237
571 859 5525
856 703 224868
470 297 655946
846 755 307010
440 191 179622
57 179 4617
781 909 417103
683 838 220747
835 20 273918
603 310 356259
479 787 293561
422 232 531801
178 885 861230
280 418 188385
161 336 148233
978 685 283472
151 842 864556
195 809 341427
318 373 955539
768 898 502929
668 584 29709
689 956 511516
462 338 316014
744 910 525896
34 879 706816
897 532 636324
979 48 745184
804 577 522198
557 302 38965
322 729 984983
133 264 536144
844 496 590855
288 708 288477
280 219 579454
14 884 643558
998 106 561950
992 580 62141
854 347 976005
210 692 655434
558 453 331984
938 33 205994
989 426 860634
410 12 365375
669 606 570423
406 704 275265
158 566 195517
433 365 211291
15 397 766298
818 6 221599
315 1000 869873
375 939 987601
176 538 995289
887 33 66644
92 401 620298
47 42 233248
845 465 401126
525 450 231876
702 713 833802
52 147 230296
383 395 69711
658 510 342719
389 97 191203
263 92 503056
206 560 551736
837 337 826163
546 840 456535
497 867 733571
51 350 24137
340 487 805255
919 77 663328
847 70 917015
60 939 415260
518 993 670511
206 398 937052
102 435 522742
783 786 316197
427 533 459581
795 608 495967
672 980 933649
827 981 407755
214 623 293471
704 484 892635
736 402 413162
786 805 399723
723 703 466373
235 730 748871
588 312 573548
561 96 130022
146 271 196990
670 876 54816
644 317 619259
18 361 912356
651 96 199471
908 208 832784
598 528 78549
939 634 239009
498 480 821745
937 889 820481
463 85 313284
735 94 974146
286 327 726172
585 616 614434
985 723 163605
12 652 221819
827 494 103944
758 331 993992
541 934 886198
574 788 59589
367 183 275399
227 675 61137
32 250 166401
948 509 811997
390 668 994860
696 110 444658
467 471 841866
274 813 647999
793 736 18728
507 309 22155
849 432 544569
273 893 880674
617 117 743769
498 598 51386
191 978 690007
617 367 828956
955 108 889115
226 65 335851
901 262 224994
935 228 21931
108 853 716234
982 454 110238
61 798 672528
246 18 106973
211 980 380830
848 258 379879
683 662 250774
986 355 118531
127 369 569249
183 11 331761
477 929 33047
258 245 485749
782 823 962504
905 831 84184
448 142 844724
605 705 186696
854 926 990007
691 726 808730
240 656 38764
343 283 349754
179 508 497290
784 584 241116
563 850 239558
172 129 611801
399 833 134049
694 520 437988
339 912 569700
101 489 552770
434 482 602597
610 473 660322
107 567 803061
802 816 647687
210 427 745043
201 644 176152
789 964 894809
976 993 350488
524 444 993950
640 633 972902
423 497 706377
625 310 73460
714 974 887432
626 568 756294
123 87 461203
735 405 388055
464 174 14215
618 532 719693
448 112 484063
662 772 743088
406 153 757375
149 66 284275
332 447 472040
796 718 148531
435 673 30437
784 283 902977
290 602 214800
269 856 570261
91 526 463521
32 508 441414
622 151 186875
298 604 46501
715 708 873356
337 439 379988
18 625 533573
984 805 309358
646 22 458337
87 309 76128
792 649 87894
352 518 640519
653 182 650873
343 624 910449
482 571 424380
545 579 863435
741 591 336808
326 710 655588
1 310 337540
662 658 367298
184 1 707854
267 889 613063
663 796 658009
774 901 110172
576 626 622141
139 970 28815
153 566 853154
221 931 962299
720 489 743280
575 848 810809
881 950 616498
616 631 836567
57 579 740632
806 433 553457
928 502 791968
977 841 954086
564 691 782300
911 919 614666
569 778 242145
824 618 413582
948 551 960851
109 927 814408
975 717 166098
443 722 721924
22 799 162364
24 71 373524
220 221 71214
880 242 348821
229 536 826880
238 87 252113
590 182 580659
440 338 688496
208 729 890845
941 318 44077
378 881 612855
238 99 392098
388 978 2643
340 154 934441
278 98 304735
313 167 297146
123 670 439865
729 581 554719
515 281 11443
2 334 32382
433 150 489987
632 825 565501
727 345 909768
360 354 933631
455 498 696574
218 377 592853
87 909 478506
584 391 899589
959 612 262755
128 641 395039
599 551 635605
346 565 708159
954 199 92681
409 628 882263
895 210 638365
961 227 312952
249 539 176473
282 462 186885
850 961 32963
717 923 941846
436 975 246911
7 95 216406
626 5 684873
410 530 579771
38 543 780216
605 6 356311
861 385 347574
660 597 91079
837 527 639981
389 228 541627
110 847 551574
336 836 381871
597 943 934707
519 968 338501
769 644 286894
360 742 538216
864 563 85105
121 340 435545
641 70 288737
807 501 93848
61 863 883839
794 486 595357
26 205 95361
652 717 898570
674 994 937385
596 892 229156
888 195 89725
600 567 557960
740 370 752743
528 526 547647
293 66 357434
967 911 324105
107 956 716360
630 785 975296
98 405 555344
923 467 729288
973 555 131824
754 728 701072
59 395 202341
742 767 380741
588 990 973635
452 758 44604
472 931 196044
954 103 106975
929 157 379974
456 869 588811
281 107 656069
49 214 628742
231 405 162687
569 467 775237
690 370 495963
233 552 374373
365 815 46373
443 859 177052
575 427 930135
797 345 825192
161 696 829909
249 975 202009
379 598 803892
243 190 192388
250 202 661686
688 354 309340
353 39 757381
3 590 53815
886 430 140801
346 927 907471
822 833 219809
257 946 861218
244 917 703158
147 551 208924
851 459 173333
271 24 292555
126 113 525839
58 968 947968
158 97 943787
445 547 949395
786 177 770915
709 394 732707
546 1 74113
793 73 727598
91 649 545233
186 215 625607
283 365 170939
412 334 140582
140 90 723743
955 512 541445
393 389 977746
696 603 891521
87 874 643980
385 693 796045
526 897 629431
267 725 129904
238 667 934380
162 494 210623
789 279 289487
956 569 10292
781 649 294323
497 722 4488
114 844 256813
446 173 15452
495 640 291237
832 988 374049
741 737 279688
88 525 320495
854 630 289156
574 364 569443
345 499 643007
132 506 646307
602 516 178953
751 171 529027
207 296 777798
177 171 322691
24 993 872573
283 193 798295
203 608 597554
632 355 653446
952 136 61978
465 490 721723
690 550 614894
198 689 6562
824 591 494132
37 519 410042
120 928 316619
962 563 689518
141 99 102095
770 687 165024
984 313 476306
682 419 262294
432 991 66377
545 703 695406
333 119 981016
603 299 446218
71 274 875580
967 737 335591
91 169 907823
55 723 832274
847 405 184321
988 5 993828
159 958 784922
77 922 453576
574 462 211409
337 486 444495
119 885 658685
553 52 211911
95 242 87165
675 193 422427
87 953 650435
279 168 295222
159 376 720388
869 422 77909
578 167 331585
61 916 589942
937 13 156404
633 25 716857
949 802 40320
418 17 336359
871 590 239706
931 896 922101
346 284 527437
575 109 405392
93 764 342725
517 952 507583
892 63 289326
108 587 792886
899 766 752026
914 962 186496
33 173 587214
293 592 699556
593 694 497661
446 783 515081
153 396 819755
643 118 133132
921 865 51627
501 755 944802
359 37 518741
137 882 640856
247 537 636499
417 460 529962
682 904 414945
948 239 302434
44 157 994310
370 474 683991
727 148 469991
280 200 219244
448 830 492325
361 367 899431
649 361 205646
470 117 838357
371 767 363387
843 938 730643
468 611 884493
95 941 528184
590 656 643175
120 837 76330
730 559 377196
200 514 650614
830 592 280551
77 474 735316
391 284 560075
743 234 357624
82 820 126936
811 242 500805
597 560 352314
795 891 844697
400 952 809145
810 386 669165
757 451 212713
134 552 501565
483 70 951346
867 21 107764
896 736 840563
971 757 150792
587 426 37749
196 267 970942
504 352 593782
65 980 617938
912 178 957210
235 86 437062
29 158 701549
975 335 190520
317 579 203484
11 291 588918
62 53 52949
356 524 892078
154 303 893257
871 237 635154
975 77 954210
199 283 920841
503 409 13939
513 404 558274
920 902 949011
701 330 383101
92 584 667827
788 467 364147
106 231 698180
590 127 697227
723 678 175289
503 677 462776
609 627 730868
254 626 661322
574 58 909126
857 798 124714
208 969 771045
384 70 582570
999 841 138005
222 471 878533
440 178 896538
154 1 764221
72 297 639017
374 647 59834
261 17 118422
946 758 221864
208 495 412185
107 438 297906
49 508 724754
301 549 547053
599 653 572962
469 835 742516
297 840 179700
28 635 486763
420 523 541823
441 374 721794
53 852 288332
812 950 901150
993 191 567891
404 767 205464
27 326 327480
692 161 390884
712 261 339033
145 131 385428
993 418 26708
438 689 584594
308 860 635614
53 495 588565
969 532 227255
292 412 422163
857 303 750331
713 819 574671
314 147 415179
684 474 863512
739 740 262265
76 323 429869
660 404 467665
951 244 954473
665 475 859287
299 596 184022
325 940 325794
873 197 331787
510 756 95112
258 133 698004
104 861 100492
294 168 732853
535 371 349509
829 728 41060
266 539 883839
223 175 885055
74 109 636243
703 639 847907
27 132 406476
792 150 119246
550 470 551289
692 53 693917
326 556 41141
323 102 804911
711 961 408049
852 336 167008
636 248 869209
481 648 48986
683 687 363292
449 92 909627
181 145 983290
821 59 721716
537 624 401484
965 745 138563
640 498 887947
896 487 999598
523 369 327225
6 347 453283
366 506 685598
413 378 179609
157 790 639077
143 887 783873
480 182 930805
332 198 864112
647 753 445231
173 732 988945
751 766 827164
485 802 528120
665 106 927371
699 647 564609
77 447 598745
136 402 939804
428 682 959838
970 109 742196
594 445 707077
407 460 531659
499 301 334128
83 978 950296
890 638 337033
346 738 298756
460 286 909898
807 326 763851
40 348 287839
603 465 494889
779 733 724973
755 466 390272
955 839 491063
32 220 13328
647 991 858039
221 899 133538
275 721 873004
89 143 601399
922 662 379965
285 963 295641
543 789 885693
565 223 838711
449 735 409829
799 568 238823
74 870 288148
567 475 213019
357 711 297415
208 622 282607
234 813 536739
902 56 695379
38 766 84837
56 457 954873
791 495 621246
218 422 889130
224 459 187883
290 855 17932
803 784 557781
775 186 422919
435 496 943063
939 195 88561
748 499 90770
252 278 678786
980 366 550394
489 677 606789
891 913 782502
871 428 344719
184 430 963177
540 377 299699
446 757 645689
186 654 364833
371 523 215648
817 124 599807
508 943 325040
313 81 414215
98 200 651167
440 798 774831
246 790 739241
132 474 759392
833 364 854475
525 200 844100
591 525 476835
426 992 906141
672 454 666023
925 332 170842
463 180 839193
488 815 76727
965 56 680769
545 446 491785
268 247 999035
545 526 571236
544 420 290433
643 646 788354
822 990 278333
373 498 455267
127 598 350520
186 693 136354
456 834 851772
209 930 712560
846 624 693219
673 330 178964
264 881 703480
437 259 576875
144 437 123916
994 617 464713
7 981 6596
976 173 89183
363 997 858602
347 849 676699
188 155 560752
793 254 67233
201 182 655216
148 735 841689
108 881 189343
826 495 365152
194 355 27579
947 700 444191
880 322 301950
442 416 138069
10 185 618654
527 936 88725
532 216 735258
733 843 634002
677 755 615942
871 816 917391
91 745 37412
514 735 156682
798 426 305178
796 960 766335
47 101 65658
569 46 844399
119 993 272470
294 243 90107
927 870 259395
760 288 39056
45 878 473535
515 717 939351
785 387 403651
501 792 552187
271 574 336216
200 562 550259
10 477 534850
389 657 438059
451 602 471449
509 836 230618
823 573 80825
44 336 349194
543 950 950351
799 351 831064
279 34 133470
643 436 992671
121 373 819685
312 772 909570
591 137 606611
548 501 977776
826 865 549171
545 111 275413
835 287 311360
623 12 380140
720 307 426648
178 412 823310
282 966 318676
681 320 62372
306 202 503617
21 206 972867
293 675 258279
135 211 505982
82 355 284387
664 126 320526
614 711 425131
416 744 906747
90 705 154351
50 776 456632
4 283 615986
42 948 435125
744 515 13072
525 549 891430
331 145 600376
390 900 657644
222 82 817398
814 541 913827
682 46 869138
686 588 964976
958 825 384213
848 167 986687
569 275 101577
423 199 22514
335 644 893024
305 418 229695
127 910 974727
778 352 498716
192 680 833574
9 894 98493
811 329 12337
517 253 739682
637 140 647455
249 380 902670
930 331 871128
373 462 995558
686 506 681122
571 42 349958
645 725 923754
10 122 185552
713 23 658832
615 188 547203
220 412 114645
345 321 11662
199 772 941487
431 39 590187
266 277 467834
357 803 671833
365 370 727113
470 996 838616
903 375 502342
945 817 791209
410 357 487958
116 604 406666
761 754 251568
169 109 576412
83 494 732642
99 388 388422
908 860 580935
42 382 179809
951 806 235703
825 51 563996
363 545 681758
348 79 651610
764 327 884129
255 241 462312
220 369 336597
442 283 800060
666 709 5871
852 531 438230
889 698 507831
687 719 682099
558 545 835329
196 440 110811
940 522 745285
261 177 495735
981 604 71995
582 359 528460
140 275 684749
576 719 941049
671 612 981203
85 8 116710
860 947 941628
359 717 174000
344 899 928923
699 796 63772
904 339 664106
185 511 912353
245 178 523684
583 669 70145
114 125 185477
893 345 508199
46 793 864875
630 551 227346
753 300 608344
158 457 619857
743 397 286224
829 688 86157
120 828 473408
168 294 464329
515 300 265097
797 206 615338
509 79 71930
256 590 253708
651 46 414315
292 255 97748
706 268 472022
474 724 606461
926 806 888203
702 594 248763
653 47 69039
936 139 729204
271 168 719285
425 379 529953
300 637 618368
715 368 576472
902 549 52001
263 924 809067
83 384 661122
518 473 618371
512 933 842206
915 667 885052
956 970 845921
647 23 63202
5 772 672816
786 312 312528
281 151 465725
440 471 558163
886 127 456643
12 558 732342
333 856 111506
362 763 378718
65 945 539738
331 688 933105
858 445 705861
741 780 984242
789 78 898663
129 776 877710
825 413 357957
609 589 786214
911 549 962325
911 292 131608
302 358 831122
677 702 864016
220 44 501739
73 456 248297
689 331 195627
958 266 942085
495 179 896968
132 565 637602
381 882 557334
810 865 144042
548 237 14750
424 420 639211
107 647 132396
287 908 527592
48 177 644608
249 84 533581
827 400 868890
497 196 737671
490 563 626209
126 383 762756
24 974 449897
570 452 951719
199 121 457116
655 165 146106
19 406 643335
493 393 461143
710 478 813833
469 983 109557
642 415 147849
144 378 803870
562 639 982895
788 676 409837
270 399 748382
377 441 900660
555 834 347361
127 106 134855
125 170 507788
208 602 587197
237 941 670086
710 547 810706
401 424 649389
191 852 723674
311 15 783459
407 342 312737
356 567 901902
242 825 272091
376 362 903799
973 483 140079
961 901 790404
761 336 844789
69 363 923177
278 824 125923
985 517 888244
410 255 805186
918 554 742394
201 54 148513
325 184 367635
137 83 295303
229 44 457743
394 502 422003
302 939 649095
726 572 818558
886 819 605815
10 573 222315
12 989 982179
297 697 1475
516 607 800473
32 146 364044
630 442 227055
252 251 305754
764 625 994909
392 604 755645
898 751 458580
666 669 778267
263 594 600479
699 883 42579
349 683 563815
133 904 21621
442 138 33081
804 230 136264
804 700 516779
726 256 658433
32 225 518646
983 106 790165
979 952 302621
726 483 339982
480 876 94373
156 28 354715
797 225 481279
244 280 344929
431 78 860587
62 527 826220
621 321 552785
120 529 540239
914 153 526245
689 358 869010
974 282 546816
152 695 604698
745 61 815129
816 706 623620
843 707 953026
49 134 752257
662 929 998652
31 282 787738
216 320 674602
354 746 788853
875 451 467632
767 652 857047
19 957 598614
699 578 17389
245 78 72388
522 546 541345
629 444 768354
71 178 238918
654 564 893589
487 534 79901
237 860 328085
661 923 669386
504 552 248110
235 783 993671
203 364 298791
8 979 116643
24 686 625360
41 506 789178
189 291 629760
564 123 705907
194 658 427224
681 599 822698
882 212 513054
879 935 410960
783 871 43635
765 185 214075
831 257 755911
747 826 555737
868 219 712511
715 369 923953
473 453 609673
698 240 509564
251 492 518153
974 355 3726
78 579 518600
988 770 392326
695 46 403553
202 187 420822
828 806 598905
328 36 483550
601 31 206937
938 225 159959
708 415 112449
461 14 438035
511 179 204869
619 943 309071
493 16 90107
150 360 195894
351 407 874343
725 823 175168
900 84 538661
1000 115 28355
149 23 955686
429 443 787636
722 844 841078
333 846 444835
522 769 541995
117 885 68133
994 760 510131
319 26 469666
950 921 500874
964 916 296757
549 972 518978
611 915 181773
707 236 208865
223 163 923871
751 875 594567
552 638 221087
113 829 618944
253 621 997408
631 837 587553
683 591 255575
777 579 355305
437 229 180605
408 535 120490
94 774 308435
505 890 637220
466 369 552594
75 299 582649
792 681 1989
638 361 180671
164 651 267507
630 302 296391
678 731 868938
27 147 232880
212 499 524099
656 171 277739
330 613 835721
959 999 30517
967 600 852175
327 166 699010
451 823 416235
170 260 50369
471 172 233774
588 825 378258
286 490 83013
941 261 209664
187 864 836129
661 731 723526
574 579 328861
3 528 418571
276 775 526079
620 610 368196
957 859 703339
475 118 311979
54 752 920099
12 338 303554
858 488 301298
392 816 968955
41 614 828755
763 29 214655
190 544 758597
799 969 247831
695 277 352244
448 38 336323
866 10 771780
292 942 356020
400 694 8112
608 513 802255
877 385 828882
795 362 478556
620 576 977717
96 203 589710
909 695 942359
275 566 157622
115 43 442713
339 708 254719
845 960 271270
836 617 298445
857 884 61503
689 338 267168
236 150 435609
487 968 238362
108 954 112670
23 757 287109
657 64 110450
932 985 783716
66 184 598831
39 234 845836
210 146 332998
967 159 660513
890 786 664491
636 326 398747
255 511 265591
748 830 60279
117 413 679066
597 648 148482
966 649 224910
960 966 846191
693 572 660252
731 84 270728
277 83 1997
951 77 876235
414 832 869300
208 462 500212
334 273 822117
564 520 689146
866 276 677520
856 965 590326
719 739 967895
355 255 633982
241 376 587458
267 736 555355
267 595 578863
607 811 364941
700 987 405101
148 122 589224
541 263 691826
180 188 629743
182 621 595928
731 156 788625
870 50 13288
659 230 97198
935 471 748433
197 162 641479
547 305 82797
323 957 894284
488 349 958050
1000 626 503909
888 568 751834
485 720 15489
889 820 413190
813 928 827286
292 638 477711
323 785 171802
341 971 625449
14 117 321957
304 38 554917
64 684 828848
485 359 198617
253 823 198822
286 626 421751
413 542 568015
125 423 751739
911 152 245775
762 319 859853
589 115 430951
971 372 781077
877 899 48793
756 57 933413
659 456 243694
599 997 119065
673 883 306565
275 431 244858
236 410 171767
771 271 945793
376 772 354091
875 259 471531
593 174 649181
204 491 14395
253 807 98941
590 698 251611
8 295 158388
502 68 391166
991 734 530133
943 949 123351
982 245 223826
306 224 285762
86 313 16931
958 621 176020
59 145 462585
41 472 908540
118 462 816263
262 667 445693
658 256 280122
419 492 837914
142 110 359417
940 537 399230
397 689 379870
834 665 269676
777 275 319856
855 913 38982
244 24 460947
507 788 729958
973 685 549481
217 714 774218
741 308 957638
957 40 429427
594 816 53416
759 955 772348
785 966 747888
962 12 492270
35 143 444252
248 90 140706
44 35 141999
771 749 855173
16 69 575918
595 808 487071
81 25 657661
944 698 939328
74 408 295842
228 270 657915
20 721 77055
577 663 820971
681 644 520317
125 805 146061
597 616 138494
105 655 655228
780 776 329327
250 598 485459
908 645 860851
913 478 277469
395 971 519158
259 616 931149
81 624 795557
329 688 254867
582 18 15970
507 857 201317
432 661 846451
