2000
53 44 808834
69 49 241625
69 96 364529
12 6 235682
42 6 589833
99 91 305116
82 91 464331
70 19 562477
63 98 858249
25 81 489058
83 84 925853
77 13 103616
97 37 459136
10 44 468002
88 80 300842
39 72 324224
68 18 404039
52 91 460391
39 40 275113
97 100 708474
57 28 416732
20 33 274234
78 28 635644
37 56 327032
66 46 24329
55 82 980483
94 60 188924
36 58 681697
66 95 812064
36 47 400080
5 18 711220
33 96 77348
51 79 369078
39 23 24435
44 21 617639
36 28 548451
72 42 778993
48 18 263131
64 96 106652
72 18 146962
7 67 369272
10 5 278043
46 79 274997
3 57 849311
51 69 908877
12 74 257034
72 40 734921
50 37 742374
65 100 531576
87 49 777404
42 34 11718
51 1 45535
4 37 585111
70 13 506109
66 56 190248
4 37 764679
35 44 271488
91 11 928519
23 18 915855
64 78 159824
4 30 513042
46 51 620305
50 67 100315
10 25 975229
41 77 671457
3 57 568383
43 4 24572
40 73 272942
35 24 249447
36 31 847031
94 78 925936
68 87 656883
100 32 983015
82 1 285564
66 34 58635
4 84 591254
53 37 195785
14 38 340624
23 18 487599
76 21 703890
85 9 851278
64 5 964648
39 4 416853
32 13 428286
41 76 348956
95 84 144703
28 6 407176
39 38 929770
37 60 587686
97 33 959086
66 82 67883
4 6 904693
46 59 257345
13 98 507719
80 78 376153
24 98 852892
3 67 164810
43 1 943146
36 38 781147
16 46 106307
47 9 38466
42 3 843914
33 70 606820
26 17 336338
15 7 811632
46 100 371313
88 50 300643
78 96 330652
99 28 53996
85 68 749800
81 15 432793
29 77 386488
14 62 892334
68 60 563191
89 17 607805
89 15 222232
88 58 425101
51 19 147019
14 85 533401
43 51 181083
83 68 971021
28 19 558781
4 60 48221
40 15 691472
46 31 647921
56 1 574767
77 68 514700
79 54 425968
10 41 583483
20 17 207002
39 46 579029
41 89 800483
53 7 547014
33 73 371161
53 98 299429
9 19 904222
88 9 409870
80 54 815501
39 29 39143
67 18 922225
53 62 786885
3 13 769064
49 38 554288
85 91 14783
46 58 802299
94 1 757277
78 100 32624
80 60 469669
50 4 430303
35 77 669738
36 95 387581
29 23 676812
96 30 610101
25 48 611767
97 44 227225
88 71 364882
33 68 58781
68 23 770568
26 6 473102
16 12 22966
69 56 654723
37 13 575475
43 73 967998
34 25 267497
4 38 854661
85 79 787543
39 92 939348
57 76 5876
40 15 700208
47 33 519327
36 23 178788
75 11 455896
14 97 366162
68 100 62917
8 67 118873
81 56 801186
84 30 425532
51 37 604760
50 1 999133
75 21 587659
55 45 13901
50 15 201283
89 62 763559
94 58 404282
89 62 366775
46 97 28727
36 53 390820
16 77 82509
32 22 358499
85 10 18272
3 53 406460
14 19 530389
24 87 39426
64 79 343924
33 97 709454
69 89 498576
50 63 436681
86 45 608903
43 76 969761
51 18 862654
44 1 815534
80 60 796805
92 76 842006
66 77 990067
83 10 891749
58 45 638609
72 96 714738
42 81 23537
12 91 427258
31 18 341324
47 32 573886
73 21 507957
34 6 699555
3 53 839356
10 80 499018
47 54 217579
7 38 539969
6 44 270197
50 17 894280
70 37 838026
92 60 358462
83 71 874679
95 37 599568
15 98 719727
8 67 187273
26 79 131038
10 90 732349
2 87 134066
47 94 273607
79 9 666151
50 39 601050
24 76 160190
99 59 870512
83 85 464773
74 13 236861
80 25 472499
65 95 378734
47 91 950307
64 68 204517
72 69 92081
3 19 620472
61 91 837164
14 77 406229
47 94 844215
63 87 210911
59 76 13020
31 38 546948
4 11 188964
23 59 145219
88 63 540748
83 78 256344
41 92 203302
14 70 583912
35 31 137137
6 49 395088
17 76 339596
7 96 714729
75 56 722611
42 35 577300
78 23 331005
86 21 701106
83 72 269682
81 6 786344
89 23 956690
16 25 255390
67 11 55864
20 8 686100
77 56 717477
24 77 283683
67 96 146577
73 84 895204
24 38 646782
85 98 903269
3 34 924000
62 37 408932
71 21 162375
68 23 216712
27 38 666342
52 1 796776
64 22 60922
86 9 952633
96 54 193560
86 37 591874
28 18 19392
16 44 218435
50 98 227730
7 67 529368
89 74 273233
51 8 632260
60 18 895920
42 70 862097
10 1 24560
79 11 925663
43 44 74044
31 7 990435
51 96 912270
52 84 558080
71 19 5898
73 6 985827
98 54 56222
50 1 714989
24 34 720795
65 70 242340
89 21 434379
86 7 324271
8 10 504811
43 3 547118
78 84 426933
37 90 241284
12 95 230308
14 18 787272
26 52 175135
12 46 649741
97 84 739535
8 61 360590
13 22 370449
74 45 660447
88 84 195160
94 54 91316
88 42 939454
51 86 781318
66 75 420261
28 74 13568
36 41 431503
5 19 977057
36 83 824543
62 22 46728
14 10 88249
19 91 776157
85 5 222363
33 77 376497
71 32 183064
43 67 619528
56 96 742542
35 23 206782
2 45 188549
63 79 791371
16 59 362212
2 77 160995
29 77 510216
5 73 677497
35 38 253621
28 86 52120
31 60 796876
83 6 182172
12 24 936948
65 25 292338
7 49 909873
51 87 525482
56 38 93350
12 23 421675
39 71 521957
51 61 729282
41 93 847227
40 1 144394
84 19 354292
33 62 426442
86 56 478026
26 74 539414
50 80 248071
65 51 414614
51 24 556888
71 85 925886
94 84 427237
68 87 678963
94 70 555612
88 39 365181
77 54 888667
48 54 520627
81 90 233214
55 68 923095
79 59 429676
78 77 994807
51 72 612124
79 56 792266
97 21 30400
79 7 840847
83 8 187210
69 48 94518
100 22 868138
8 45 640057
8 77 712887
78 58 146810
52 58 465957
100 63 413993
71 24 360615
43 86 365137
66 5 953890
47 55 548645
95 74 828342
24 31 223098
57 75 603771
69 5 362765
24 93 211021
55 48 236051
75 84 201786
36 53 551028
83 98 266746
84 23 983336
77 18 35795
51 64 511106
8 35 771917
71 32 941608
88 9 625438
85 15 272838
27 6 129606
53 78 540099
66 33 184722
5 87 813184
12 99 724382
94 44 667151
39 58 656720
42 37 425611
57 48 92481
3 6 607699
42 91 684385
51 27 569328
47 33 326079
71 72 425435
88 27 919761
69 90 528015
17 37 473198
80 25 117139
40 44 832348
73 54 74467
47 36 138288
84 45 784710
36 85 145764
52 42 894630
14 82 978285
33 87 46320
99 24 856070
8 40 238417
88 68 218472
43 62 904847
51 40 860085
51 62 108356
20 22 573068
71 7 251892
12 83 468374
73 32 278246
28 6 109304
92 35 132865
50 56 130894
85 68 80104
5 100 438760
50 49 696836
81 58 727758
7 87 233445
55 84 555847
39 30 300823
4 37 990279
47 90 118593
90 11 446217
14 10 904681
65 5 732896
51 35 527137
47 29 572840
15 7 784272
7 54 290705
46 1 889230
94 99 477856
31 62 883278
24 37 846608
36 92 549589
41 89 627779
84 37 380769
42 19 489230
7 86 544559
43 48 243742
28 87 64812
13 1 288244
36 97 685389
36 53 369348
39 41 982270
94 68 193157
5 23 834613
64 87 49656
65 40 698971
66 10 493895
55 65 794758
83 37 975966
50 51 636382
24 48 581979
17 49 146892
99 6 897828
27 57 487298
52 48 258188
14 56 115258
55 37 561528
61 75 791515
14 51 229226
25 22 961248
71 13 794426
99 62 533410
36 62 472201
55 9 39373
100 86 476244
47 61 472599
31 49 162100
9 11 371064
20 83 550646
66 67 13589
69 6 62601
29 13 852648
66 39 812492
50 54 833060
57 7 315043
94 77 445609
8 54 185186
4 93 561684
61 9 930187
17 37 848974
50 22 348698
12 13 53703
47 37 746477
3 25 637161
75 5 104979
82 1 127996
10 90 950941
14 98 238398
80 28 508357
51 84 552679
55 56 990160
55 80 780441
64 81 740396
97 86 463742
51 72 351676
16 1 519217
84 1 957352
14 19 250485
26 64 375674
83 33 844592
17 32 934175
9 1 658322
48 7 782898
94 93 70083
26 69 425045
45 30 376790
43 44 985644
39 8 624136
44 38 422677
43 76 863617
99 74 646092
92 54 663942
89 56 702323
65 24 470654
12 5 897910
29 53 328764
89 90 65935
3 4 524094
88 84 916552
97 29 963995
33 38 164108
41 32 205583
99 81 405340
35 11 738964
57 25 685978
79 21 10722
43 32 760164
43 100 814125
13 90 52865
78 82 724161
39 52 704533
47 26 708941
26 25 810276
66 77 225331
46 56 709407
74 11 632983
27 71 311871
83 46 585063
6 67 674647
100 76 102404
100 74 569484
41 15 22091
86 56 43114
14 17 686932
70 22 524574
25 79 971706
49 98 153854
12 59 352110
26 52 759839
5 28 478660
58 67 257361
72 53 935235
61 15 734739
49 22 314166
12 19 909719
80 86 291917
33 64 937960
26 96 319990
84 13 245076
45 91 96609
76 96 241624
8 97 385268
80 84 818990
2 81 65654
75 56 634451
35 23 29038
3 91 354187
26 12 188828
85 5 896827
27 75 920365
31 9 457147
11 1 339658
15 37 652211
6 76 804000
95 30 475819
97 64 841082
47 65 582127
76 32 757139
51 13 981643
14 80 424835
97 82 878203
79 54 646464
2 55 74360
87 6 106412
26 58 374804
39 74 15442
25 67 578257
71 64 404065
26 58 846996
46 56 402479
95 5 727794
94 77 19785
77 70 237331
55 71 640625
52 70 944183
4 37 380231
52 98 130525
41 13 763073
55 8 301188
15 67 944104
20 57 913986
44 1 519646
67 19 961998
5 48 582889
29 69 291274
36 35 145286
26 47 779213
27 81 293374
44 93 148804
16 15 721959
58 96 833314
65 22 189298
52 40 96110
39 53 160947
2 5 616530
55 39 823404
9 49 491177
94 34 992545
58 22 359008
95 9 661093
8 96 439082
26 12 464732
85 59 927971
24 98 232652
24 63 134947
94 28 280828
55 52 363831
66 3 221707
55 5 386266
55 84 296423
99 58 47210
5 96 816260
56 1 288207
39 42 745409
16 92 354850
82 70 182667
13 21 794621
100 15 348563
18 11 822425
73 30 564288
75 78 436101
70 86 397000
17 19 87921
86 54 659904
80 28 750629
42 58 102287
80 84 982334
37 76 21374
51 82 929603
80 59 757593
29 81 559067
46 80 662744
77 89 802722
42 19 885246
55 22 39100
41 37 184446
55 21 99896
7 93 937328
69 73 123222
56 93 231269
50 54 963796
62 48 731311
6 38 790048
3 87 146343
50 67 674539
12 29 156175
36 14 329541
68 70 781383
30 1 68220
59 96 323676
85 9 275486
77 91 898195
55 27 403232
68 19 746916
50 9 305595
6 1 173145
12 94 909214
26 82 770747
55 44 991425
14 32 62675
2 63 653843
94 11 824739
2 87 171762
16 69 929055
66 82 595947
28 1 574529
99 56 651006
80 18 208213
53 5 329051
53 23 850112
69 62 704359
28 34 896667
34 63 152168
36 61 642759
58 32 199069
79 19 182741
16 40 842231
16 52 595657
50 65 890104
14 10 280185
99 75 136187
71 49 791605
73 13 86456
16 55 800990
67 91 592433
66 76 644654
34 89 450650
83 70 997604
98 1 18523
10 21 956409
55 8 47556
89 22 540271
55 34 533091
26 22 212180
20 98 222996
63 48 300904
94 53 347645
71 5 229161
46 62 751843
64 97 443866
100 79 226052
16 66 724074
34 31 385343
50 26 865658
52 20 977849
61 4 160847
64 3 758481
93 58 655305
14 65 24356
96 91 255984
66 8 629868
82 79 459267
26 48 529611
53 13 18284
85 17 628411
39 6 878362
34 76 578163
26 49 361582
71 92 261983
43 14 546993
61 54 603012
33 77 776385
56 30 37779
12 70 762314
70 79 95272
42 89 540560
55 66 492520
1 21 95799
90 32 684643
27 57 101522
8 38 177554
69 86 206153
95 79 598238
88 87 346523
46 87 828633
100 63 132137
33 32 331151
55 46 865105
17 48 521945
100 32 131543
16 81 724384
92 62 833668
80 84 161406
82 56 401949
9 11 617480
73 31 874047
77 31 579335
3 60 46539
33 18 356580
20 33 386522
24 30 414123
83 99 973608
83 53 378613
16 67 641199
78 91 942620
16 95 163258
60 45 953201
94 44 455119
26 20 335080
88 10 944144
8 57 844638
5 38 94508
4 73 988222
71 28 494557
89 13 51790
76 67 53881
63 15 254570
63 74 675907
27 80 143177
8 49 807858
29 35 661182
12 94 603070
3 69 587658
76 30 982973
50 68 251957
83 74 615332
53 67 716574
14 32 847939
89 18 374257
51 11 275301
61 75 54219
25 49 274602
67 21 867979
95 9 653253
65 50 836744
50 96 251388
10 41 348987
45 93 372584
43 62 513903
36 95 107165
35 32 624312
37 49 857950
23 96 978783
68 60 351943
2 96 634054
20 23 51807
16 33 403276
8 9 852825
88 58 849853
23 1 414112
46 68 296038
47 53 67892
70 93 715879
63 98 485513
80 60 447589
13 90 339489
36 53 443428
8 98 369168
44 58 294523
73 34 89088
24 87 431634
85 92 890209
39 4 408181
75 91 187777
39 48 504919
92 9 202381
28 89 505759
55 1 677455
81 60 665376
99 79 128660
94 32 555991
69 78 51237
8 58 523112
4 49 488565
20 61 268450
82 37 334037
27 78 124818
61 9 131067
88 2 931943
38 90 504806
50 27 149166
66 83 265970
42 21 664827
8 87 602470
34 13 560920
73 74 639739
50 92 651886
6 21 642882
69 23 776194
72 89 927777
83 5 723056
29 3 874352
66 45 258533
72 94 93030
33 89 239923
84 56 847977
4 11 469924
97 61 987146
25 84 741701
65 11 236635
5 81 354356
20 1 142351
24 25 846724
19 21 129869
88 58 666333
9 54 425481
35 34 8658
88 32 208266
50 74 604700
46 86 781685
5 59 38840
27 1 55343
94 37 478822
41 93 364859
26 68 439727
35 100 767089
72 1 714003
34 59 857183
21 22 455612
8 93 543313
83 19 115601
65 73 279049
85 96 780943
65 39 596690
4 60 912205
16 15 159303
66 22 899748
47 77 989760
29 31 54783
75 91 798433
8 25 864408
3 84 662692
73 98 810353
55 94 197218
41 7 135515
99 87 346264
31 19 239833
76 32 696819
69 89 530160
64 35 868143
95 41 408962
66 94 442442
31 15 519043
62 58 55928
97 98 886748
67 32 866140
85 25 611997
70 81 856480
98 19 412919
51 31 535010
26 16 884742
26 13 128115
65 86 611788
66 84 808575
10 6 906375
2 48 588139
17 87 832448
64 87 443784
34 32 492758
61 35 177343
24 1 753607
83 18 558692
91 1 671969
78 6 401940
36 85 482548
94 58 516842
9 87 796093
48 60 287307
80 82 176762
9 22 641983
92 94 349182
50 24 451494
5 70 873284
47 62 328633
50 61 208592
36 93 392298
62 49 87426
97 80 527329
75 13 834398
78 22 654026
29 96 331483
68 48 872652
10 30 453044
12 72 780264
40 6 368481
98 11 77809
71 35 871200
9 19 105870
16 34 525045
31 23 259277
5 67 156435
20 56 804544
56 13 84379
100 13 604729
64 53 968157
95 5 142354
26 22 699236
37 7 244643
85 96 680575
33 62 841242
34 21 687141
26 63 926035
65 6 885580
95 4 637033
67 21 767419
55 77 722027
75 74 298305
8 85 57925
51 7 86517
85 80 122970
15 60 691193
31 37 920774
24 37 94464
8 54 782514
35 37 134151
10 90 298109
68 86 454223
28 91 707104
33 10 918779
40 29 590014
14 62 210350
40 21 282195
2 90 897156
85 46 440654
100 45 304923
67 18 390865
43 51 415083
72 60 767906
73 7 431058
40 19 995494
95 81 778726
89 6 335689
26 23 601735
47 10 145236
12 33 344982
53 30 498948
26 94 895386
95 86 948766
64 7 232963
81 96 527344
92 62 227556
44 98 404355
71 29 648434
77 75 40382
55 100 79154
36 56 356325
91 22 155822
92 49 93062
18 1 518993
2 22 73956
17 49 520428
3 29 695520
97 3 646299
83 15 910043
35 70 177021
12 58 826184
92 45 852333
62 22 814856
80 19 530130
75 76 567001
8 84 153923
96 49 5368
69 93 437224
46 30 633090
14 6 260064
68 59 953339
52 63 260884
46 72 396795
85 94 509587
24 79 983166
99 35 942479
9 48 695162
85 8 767573
41 64 227144
73 93 890114
12 82 42015
19 11 277626
95 6 548478
26 48 267083
16 53 115905
33 42 399379
29 9 762010
10 59 180915
83 18 890612
93 38 481441
52 100 918795
26 100 986986
81 74 934032
39 11 221721
34 18 565275
24 9 356245
48 9 754122
71 32 651816
41 4 694375
15 45 438616
15 74 708009
30 90 87031
73 67 329178
42 23 578754
47 7 696842
97 62 735372
78 74 134348
80 69 886668
61 38 18580
67 30 301094
72 13 177471
7 67 964040
95 34 971547
65 17 778384
65 20 490838
23 6 562167
3 74 780619
47 76 186251
74 87 119884
44 22 939643
88 67 29006
97 90 14244
5 96 167508
55 94 363858
86 56 78282
14 8 68462
3 19 49208
9 45 336784
77 59 35543
70 91 181440
2 93 957773
82 98 930897
9 32 167612
47 6 923803
52 20 597881
52 18 285351
83 41 259120
88 44 957090
46 31 197521
47 64 767447
92 91 461182
71 38 981845
77 19 208592
94 81 909932
11 19 323130
72 100 19142
34 62 505169
85 9 505358
74 81 384032
37 90 944628
61 53 822605
2 95 463488
51 67 847245
12 49 839746
77 11 933114
16 13 277229
75 90 743455
70 11 834647
30 21 102069
94 92 416926
14 51 766730
31 54 424996
32 91 434181
79 9 794823
52 85 536424
28 44 367219
56 96 436126
77 87 78063
95 60 738278
5 31 79208
87 49 889660
12 82 659775
53 63 409036
69 7 683352
40 89 324200
5 9 896131
53 13 674876
88 40 609766
71 78 524833
26 82 559579
23 31 826013
14 22 504070
79 81 729352
45 30 631382
52 45 488198
94 90 799770
24 13 932259
95 78 465034
80 11 946124
34 28 324619
49 19 448933
65 96 117460
93 60 970041
89 84 791818
85 97 897705
15 45 258184
66 57 147066
26 21 151200
52 12 492403
2 42 476789
23 38 909559
47 93 452730
84 60 284295
52 74 978055
35 56 565631
10 5 339851
95 30 572875
2 45 402037
68 89 833510
87 67 275651
38 98 780046
69 73 204998
28 84 739561
75 23 649202
8 49 720674
17 56 76550
34 62 460353
69 63 725198
29 18 534539
83 66 611170
40 7 934384
50 5 673720
66 90 272196
46 48 944530
57 60 395900
38 19 238933
3 13 835064
94 74 613708
66 17 308738
24 35 916359
29 90 994889
12 90 5608
26 12 967420
66 21 235744
46 32 785560
73 25 721113
65 44 490231
17 22 241186
86 96 138376
78 60 430172
61 40 745037
78 91 912444
43 8 727631
74 32 574443
55 45 324253
8 4 305309
36 53 219076
85 9 587694
39 13 553375
8 23 458891
10 11 349942
35 90 857723
75 19 582014
71 58 693627
72 86 975610
16 20 533074
26 98 582268
33 40 307915
27 90 480732
62 54 844386
20 61 661298
97 96 407286
3 59 608063
32 30 266858
6 11 79599
82 6 57971
63 68 470420
3 74 54635
43 38 512689
61 13 762281
27 60 380894
75 34 872950
47 21 222781
43 95 701443
82 15 621874
69 21 963755
80 75 923508
81 74 733600
100 98 7426
57 30 594353
48 1 188732
57 25 782010
71 25 871995
41 11 255659
46 91 553805
26 11 563837
10 18 950223
100 4 914561
41 40 49195
37 1 90823
3 44 985790
57 5 97912
14 4 101467
80 5 637137
8 17 711766
72 29 395895
57 100 83456
51 72 984908
45 96 291985
14 27 66810
16 51 904866
71 69 917116
27 34 864131
16 60 913392
36 41 717455
62 58 303224
50 17 883000
94 19 631193
29 90 402953
69 44 637028
82 89 445882
71 48 802450
19 1 747396
71 92 515311
14 26 294690
73 89 348250
71 35 763664
34 1 257612
20 59 366418
27 17 214346
4 6 581301
22 18 239406
53 7 820246
75 6 57737
6 1 928841
50 24 700470
12 67 494217
88 8 512389
43 79 313537
8 25 372136
95 70 559046
77 76 471387
72 21 543324
55 95 278040
53 90 887965
47 18 792291
97 5 234002
95 93 588765
98 11 994657
85 24 912185
100 56 569838
16 42 829551
11 18 169945
7 90 642359
29 11 893378
23 58 722493
66 28 80694
72 62 352728
52 66 992241
20 70 544254
71 38 653813
8 84 301155
54 91 327512
71 72 798619
35 81 676093
57 21 692758
52 91 555959
10 58 572397
20 78 970546
50 30 836129
40 74 912521
50 32 350679
8 79 139458
65 37 486638
8 4 53949
88 15 202054
88 98 928421
63 17 623279
88 78 390467
8 64 988142
70 44 855059
72 38 844442
65 87 174592
82 44 789310
20 60 78062
95 9 704373
29 68 644404
14 59 498060
48 17 512457
27 82 458147
98 90 741560
42 100 491669
43 47 719910
44 59 187745
2 30 717419
20 30 958883
82 91 73275
9 67 74640
23 19 643436
84 13 45492
95 8 197652
15 93 144016
55 70 221374
26 63 777667
26 29 652123
27 74 628878
65 80 99535
94 23 78749
23 58 163405
43 58 348743
94 42 836581
83 25 38642
14 42 839495
39 71 306053
52 82 704764
96 98 163302
3 28 625515
83 61 998584
12 81 964074
27 60 631854
83 73 568969
29 35 545470
75 11 445000
100 11 168019
42 44 722516
69 98 926599
97 74 6310
97 48 602795
65 75 355667
41 60 621380
58 76 551994
67 13 595294
65 46 101607
83 54 550236
53 48 898516
71 10 490206
33 1 445237
71 63 863146
28 21 251242
77 22 26945
71 23 712590
34 62 924721
61 86 118404
89 54 724249
17 74 19660
47 42 599058
100 32 310087
83 99 465720
52 53 954264
26 8 738060
96 13 654141
78 38 32532
72 23 431347
84 56 770969
80 30 887002
69 81 804961
26 70 868038
83 75 581411
52 15 923502
69 15 569416
62 60 456538
2 67 385061
69 45 592864
15 70 959031
42 76 585113
41 61 468968
36 24 436461
29 32 635094
45 38 139545
99 21 7126
61 34 772833
65 42 48787
83 97 410318
74 58 554142
36 83 554959
12 90 92152
10 32 268922
47 98 14281
83 3 626073
66 72 776660
55 53 465103
72 91 410930
83 34 934281
82 4 734606
35 100 591585
86 18 655096
83 28 778468
71 98 840995
69 57 389227
40 41 295851
26 85 798823
67 90 170559
80 98 329035
2 62 862764
51 54 798166
80 19 663954
44 76 514293
39 20 622692
39 81 380882
2 1 621495
61 42 742347
44 87 334151
95 87 866210
43 79 136033
45 67 736064
55 75 460029
20 71 967729
53 92 863199
66 4 663833
5 56 618150
46 35 815680
55 42 976813
29 93 216642
65 17 708752
26 33 481058
94 60 24700
20 34 107379
5 31 968184
89 1 248914
70 81 508064
26 82 205243
59 18 21740
85 100 874867
92 69 109053
95 9 112501
40 44 529804
84 23 709256
25 32 571197
25 90 989840
46 91 627549
94 30 998945
43 35 477084
70 86 661336
39 58 513040
4 11 164500
14 17 775972
63 13 810736
36 58 702273
84 79 204031
85 94 643955
69 17 936125
61 1 762189
88 1 460784
47 79 969579
82 7 357346
2 6 707054
48 56 439677
17 6 926876
39 20 320276
88 5 194859
88 86 233959
76 22 414374
4 45 562764
2 37 72448
36 86 617723
84 22 533349
83 33 882816
85 62 301733
68 21 980945
36 35 634534
29 17 643495
33 94 365240
10 45 311742
63 79 689643
12 85 550219
26 69 964069
55 82 181715
31 60 839084
82 11 65858
66 51 342664
49 13 3573
27 96 750926
72 19 48655
88 66 675353
47 12 59449
14 81 221320
78 86 156148
63 25 477073
31 79 300948
64 98 491874
65 94 791304
5 45 57603
27 42 75597
41 81 758308
29 82 375664
57 38 3204
38 59 557300
100 28 389516
46 61 343361
66 10 834903
75 86 955929
52 45 189878
69 22 594879
10 9 614414
85 18 505983
72 31 291334
48 91 831883
52 75 692374
29 94 681775
10 1 763072
26 24 396240
14 43 142721
72 7 809609
51 10 13903
52 71 720202
2 10 34439
57 9 157307
3 96 315195
33 37 961566
27 5 154122
47 26 806461
24 9 151477
40 77 463158
24 74 445798
7 18 19689
81 11 424743
88 66 676009
88 66 845033
61 4 534255
89 70 222177
2 74 580582
80 28 146357
65 6 607852
42 96 250289
89 28 223583
93 32 107764
27 40 769445
68 56 796137
62 76 16818
42 15 435192
85 54 786519
46 34 672994
73 19 931528
59 54 962724
78 84 496789
26 37 131232
47 57 654743
100 87 52728
27 32 29513
40 67 37784
5 80 962609
50 8 593922
96 91 751840
5 81 466788
45 49 509769
29 92 910237
99 53 295475
43 5 206277
73 90 187529
88 98 616869
12 16 931638
24 58 781044
71 20 149873
39 93 243449
46 61 45249
97 41 698898
88 20 84721
55 98 427188
50 1 658765
51 33 687962
67 32 879868
33 28 874452
22 1 228899
78 74 11468
79 91 274760
28 1 280113
34 98 682561
46 42 986076
36 9 481266
57 90 410218
75 37 697691
79 23 843863
59 13 179865
36 25 460721
7 67 82088
67 38 601497
94 53 892365
41 84 816573
29 100 701423
2 28 131062
65 24 610126
36 3 141784
70 81 518080
87 32 405167
26 63 505171
80 22 287779
65 80 710559
31 93 290867
82 91 648075
50 83 862600
64 29 499985
71 85 582302
70 38 880488
28 19 485677
55 79 38822
82 78 272321
46 90 95195
89 25 710847
29 68 125796
61 100 984896
52 33 795091
85 58 831933
28 17 703628
88 47 149916
12 86 686178
90 22 228272
57 19 252329
71 98 30739
71 32 601192
20 93 470069
100 98 69682
48 21 371653
3 86 974755
73 89 504474
34 54 454051
100 7 550835
77 30 211960
2 52 329583
25 74 61618
85 4 218994
10 78 953139
72 77 527279
82 4 902974
10 15 392214
35 91 983165
12 29 885343
43 8 477391
2 97 175504
50 5 694008
4 49 858373
89 48 572198
51 67 224333
95 22 829508
94 5 243944
79 48 734141
36 7 157834
8 21 570404
5 30 489785
58 56 505260
79 56 88186
75 77 967646
66 78 874906
55 69 204925
76 59 848556
91 30 881563
33 38 438156
4 31 762977
14 20 465642
88 18 692383
77 1 771412
39 75 146049
35 62 249555
5 1 123445
43 26 314243
55 100 515106
53 19 206844
70 7 78743
36 39 149809
36 54 348139
99 91 346396
66 13 481987
60 1 148817
14 22 204806
17 91 764164
20 81 327774
68 38 729583
27 91 927934
72 40 8665
85 94 222563
97 84 528719
73 86 579411
39 51 794564
62 25 737304
27 34 708563
54 13 304773
34 22 802249
92 7 358629
42 70 78401
26 8 91468
14 100 492780
71 45 774652
10 72 659907
36 57 614247
56 18 255294
77 82 582232
35 79 796917
43 21 806227
79 38 683712
28 7 865159
96 90 44478
16 81 882288
100 74 753660
61 59 410112
51 62 208484
82 34 847520
71 25 878555
64 57 370304
28 56 344642
73 82 600528
95 1 790871
36 53 300724
67 60 542111
71 70 169213
12 30 996639
52 81 267031
44 19 893050
75 7 282280
93 98 786463
15 91 767017
50 75 983035
67 54 211593
95 68 174623
46 89 563420
96 22 332590
84 89 943818
55 46 955409
50 90 767066
87 21 844910
31 81 406172
9 30 815622
16 76 621608
36 34 371112
97 64 457578
12 92 632876
72 64 84790
98 19 63751
39 56 715092
66 67 125061
83 98 57290
27 74 21662
66 67 444181
12 20 390348
89 54 615209
50 7 491779
80 54 719453
92 84 233799
44 58 287179
50 33 151320
54 96 833496
100 56 621870
99 13 511449
43 20 989307
57 60 681164
52 78 745627
29 100 950415
60 67 912671
14 16 748024
10 77 923196
14 1 297689
52 92 124889
52 3 147004
12 90 532152
37 96 867270
77 63 794256
33 100 438776
56 21 53128
25 67 32033
16 11 570727
38 21 92946
72 82 926775
47 65 263375
36 33 271263
28 11 180055
71 34 974226
36 44 80182
20 4 137281
63 93 572778
46 89 925500
70 49 537272
61 89 186875
16 70 471184
90 11 374457
73 21 134629
56 96 702590
51 32 389833
20 82 356515
94 45 16459
94 1 589117
29 61 104609
88 29 119508
95 37 26992
88 61 803027
64 45 812123
88 73 671956
40 93 508768
63 13 283680
88 62 862981
28 37 583018
64 58 869994
72 41 920814
71 92 76223
12 99 378270
92 45 483069
15 67 199384
51 84 173095
83 77 444225
30 21 96341
71 30 954498
65 15 440171
92 37 513304
84 19 472084
29 7 730354
48 67 992250
20 24 893928
35 99 441167
63 34 919192
65 33 916720
83 69 374147
41 63 274513
15 96 710985
78 93 248115
99 18 336860
97 42 929461
71 94 892721
72 95 542292
3 13 342776
42 82 220806
81 38 112152
26 46 360681
47 56 147733
36 51 278309
95 17 697890
94 44 251071
82 58 590009
9 44 301812
41 25 809122
85 89 189550
77 22 488209
35 44 13904
85 76 443511
71 21 669831
43 56 185563
16 5 412044
72 61 700726
20 93 836645
9 38 199577
40 99 383581
36 94 512247
75 38 769609
69 81 103649
65 20 921446
48 90 900729
50 73 814033
31 37 740230
41 40 358203
24 1 402439
83 48 396297
65 83 283600
57 24 939354
20 46 904241
26 56 803848
12 7 390961
55 5 836058
34 21 624773
56 6 469994
3 84 127124
42 99 561045
88 13 943004
20 32 753545
28 7 95879
29 11 648546
85 33 805355
26 39 435396
43 88 337846
8 48 376783
80 68 925342
85 37 947321
3 100 592271
57 54 320836
69 34 364150
3 7 695410
7 76 310225
93 18 8953
5 76 472300
52 85 751272
88 1 469408
40 100 337581
75 98 663975
83 82 86905
5 18 317652
53 93 869926
17 13 388081
97 35 990137
47 74 259187
3 58 879881
52 8 283933
88 66 728633
17 96 183988
3 100 974895
29 59 977215
39 23 642531
72 19 426863
72 92 705252
53 78 758691
68 13 317428
87 37 898674
89 67 796576
10 11 759366
66 40 388205
14 36 234533
7 90 701287
28 91 482688
48 76 584899
28 67 629535
43 85 244634
8 98 473728
89 76 611961
96 21 443322
72 7 944057
99 44 953199
2 29 248043
44 38 246437
