1809
3 10 963118
2 10 733184
8 1 587872
6 7 93068
8 9 128965
8 1 446192
10 5 888241
6 10 96615
6 4 776725
10 2 800992
1 2 856381
2 10 90784
9 3 993052
6 5 303736
3 7 275433
1 10 119533
10 9 463186
4 5 201155
5 10 62289
5 4 617859
3 5 349443
5 3 380627
4 3 789648
3 6 800677
7 9 650035
8 2 759037
4 5 744115
2 9 957650
5 1 341100
8 10 489203
8 2 467821
4 10 44030
6 1 297700
10 1 861805
3 7 478457
6 1 870388
2 6 743209
10 1 606093
8 7 556280
4 2 927038
7 6 576940
8 2 725741
8 6 152348
10 9 244674
9 8 500213
9 2 279826
1 7 490776
2 3 523278
9 1 908731
5 9 944559
10 8 554147
6 7 288780
8 9 421221
4 7 207751
6 8 990956
5 8 489908
2 7 736357
3 9 467916
10 7 404613
4 9 562804
4 6 158357
2 9 913874
10 3 458190
10 1 55661
2 10 901744
1 3 759007
8 2 221709
8 1 948064
5 10 451345
2 4 14142
4 3 801840
5 8 645988
7 5 86140
10 2 299184
7 3 703881
10 8 718451
9 1 581163
8 9 967205
7 6 459692
10 3 29214
7 2 449253
7 10 968949
1 5 142140
5 10 228049
1 5 400460
8 10 678019
10 9 975714
7 10 872325
9 1 679355
6 3 228149
5 2 932545
6 10 391863
6 8 648540
3 1 815055
6 9 139401
2 10 963488
6 2 591289
7 10 242997
4 9 423844
7 10 313637
8 9 518293
10 2 292624
9 8 639237
9 6 188393
5 9 860303
8 5 89748
3 8 641649
3 4 785792
7 5 21212
7 2 714149
4 10 810030
9 8 430597
5 2 230993
2 3 872158
2 10 872976
4 6 207861
3 10 657086
1 6 923236
7 4 77399
4 9 781668
6 1 869572
6 8 275836
3 8 175393
9 4 779700
4 1 318479
6 3 613509
8 10 56547
10 4 918094
10 3 574238
1 6 419828
6 8 928892
9 6 496585
8 7 190472
2 5 376993
1 3 637279
8 2 454477
8 7 624152
10 7 154597
3 10 172974
4 2 229134
2 5 363633
3 2 145582
10 1 57517
1 2 540845
10 3 176654
4 8 288993
4 3 80784
4 6 264709
4 3 501632
4 1 795887
5 7 726316
7 9 237667
5 2 686049
5 10 652161
4 5 640355
6 8 880876
7 3 789897
9 6 403017
8 2 571261
3 10 19998
2 4 941646
3 4 661952
2 8 39037
1 4 438207
2 6 672105
7 6 420140
9 7 511571
9 7 396195
5 1 898668
3 10 355630
4 10 162094
4 10 420190
8 6 139596
8 6 292012
9 8 400357
3 1 109263
3 9 104604
1 4 44575
2 1 213645
5 7 674428
3 5 246259
1 7 420856
1 8 65184
4 6 607493
3 6 581605
2 9 205442
10 9 114914
5 6 454184
8 2 500013
9 4 320772
9 7 910083
7 1 983688
5 1 840156
9 1 141275
3 5 104659
1 9 37371
7 4 743079
5 1 269404
7 4 200727
9 1 583803
4 8 104961
2 7 381333
6 9 911209
3 7 379433
7 5 479372
2 10 773984
4 3 855840
1 5 428604
6 1 34772
1 3 446575
1 2 715277
9 2 398178
7 3 761129
2 6 795369
9 2 609730
2 1 562173
3 1 179583
2 8 590445
4 6 446901
10 3 633406
8 3 358497
4 5 44883
9 1 927675
5 3 529363
3 10 29998
8 2 953197
6 10 557767
8 2 633373
1 9 764379
5 4 97347
6 1 999828
6 10 498039
4 1 473119
1 2 571661
9 4 946244
2 1 492269
9 4 399364
4 5 381347
1 7 665720
5 8 787092
5 6 789672
6 5 173624
3 1 492319
7 4 316231
4 7 545639
7 2 432613
9 6 775417
5 6 689800
3 7 760393
9 6 654041
2 10 160960
5 8 647396
4 8 339921
4 2 986926
1 3 170463
1 6 752612
5 6 91928
2 9 831714
6 3 647589
7 9 395187
9 7 488067
1 4 556447
9 8 23909
1 3 105679
2 9 577282
5 1 604444
10 2 662144
9 8 375941
10 9 260994
10 4 989086
6 5 570600
10 2 755088
3 5 340643
2 4 524174
3 7 585369
3 10 388062
6 5 677512
9 5 947551
2 1 56573
3 10 106110
6 1 96964
6 1 27044
3 10 970030
4 3 940576
1 4 30751
1 7 297912
4 6 295717
3 7 677417
4 6 306757
10 4 90526
9 1 471403
10 4 219854
9 4 347972
6 5 556536
6 9 688889
3 9 503676
10 2 212016
3 7 262681
9 2 594098
8 5 714548
9 6 315849
8 3 678337
7 5 481452
6 9 738185
2 10 120080
3 6 137413
4 10 120526
7 6 176060
2 3 843118
8 3 591393
2 7 736229
8 1 92960
6 2 562153
1 2 269405
2 1 72253
8 5 229860
8 6 361292
5 10 178433
5 6 224280
4 6 525621
8 9 588949
6 2 928825
4 10 211358
2 5 467665
2 9 879730
1 9 443387
7 5 884348
2 6 469705
9 8 73077
8 2 673789
5 7 614220
3 9 171516
10 2 595632
1 3 193807
9 1 578987
4 3 564880
5 9 979711
1 9 776651
7 2 148005
10 7 480229
8 7 289048
5 2 451281
9 2 497922
3 5 344899
1 10 206973
9 8 40133
6 4 351589
3 4 333984
2 10 102528
6 10 823159
6 1 562292
5 1 779980
7 10 984005
8 9 684709
1 10 508125
1 4 111311
4 9 501524
2 4 548318
10 6 564471
4 10 170990
5 6 506696
5 6 57048
7 9 846179
6 5 785240
2 6 942521
6 4 518677
4 10 60766
8 10 559411
7 4 439383
4 7 441479
10 6 662055
6 4 972421
7 9 284931
3 10 391102
9 8 825701
4 2 165758
2 3 315998
6 10 564103
2 5 824993
5 8 229140
6 2 987609
9 2 197586
7 5 154652
3 2 302254
9 8 107797
10 5 616177
6 2 313433
8 1 587296
4 5 637891
7 1 518568
3 8 96961
8 9 744085
1 10 685197
9 1 36635
3 9 243468
9 10 631410
6 10 361991
4 6 465621
8 3 374129
8 7 656216
9 6 40505
1 2 511149
4 5 7587
10 8 841987
5 2 116785
2 4 733790
10 6 161847
6 7 973628
4 8 497473
9 4 827748
9 4 96292
4 3 335616
2 8 833405
8 5 791236
3 5 294291
4 1 970111
10 4 47054
7 4 304231
6 1 869812
7 1 413272
2 7 300229
8 9 478213
10 4 515294
2 9 505250
1 9 985851
4 2 964702
7 2 991221
7 1 176872
2 5 384257
4 7 654471
10 3 699038
10 7 354533
4 2 439518
7 10 777189
9 6 452313
8 6 186492
3 6 169301
1 2 464717
6 2 122521
7 10 954709
2 8 220093
2 10 260000
10 4 458782
10 3 484158
7 8 810360
10 7 733349
10 2 987344
7 6 949548
4 6 876533
8 2 524301
3 5 470307
3 1 598751
8 3 406705
6 8 386092
4 2 173438
1 6 302452
7 5 591756
10 3 272510
1 8 989632
6 1 479444
10 7 63781
10 1 229997
8 3 176977
3 10 61406
8 10 997571
8 4 353441
5 1 28828
4 5 890707
8 1 564784
6 4 559621
8 5 416052
8 7 142504
9 10 900962
4 3 825728
5 9 572991
8 3 30817
8 10 905395
2 9 449746
8 2 721277
8 4 150801
1 6 856212
7 8 343320
7 1 245112
9 5 318335
9 3 440188
9 7 41123
6 5 798504
1 9 643515
2 7 266453
7 9 285763
9 3 478012
1 6 463172
2 9 232930
7 8 383448
4 7 717767
5 8 174212
1 9 766763
2 1 662781
3 10 931150
9 7 730467
7 4 455719
10 6 124871
4 8 337329
10 9 511314
7 3 525513
6 2 261225
2 6 669657
10 5 140849
2 8 912861
5 10 697729
7 6 603868
10 9 227954
4 10 18270
2 4 832942
7 8 54840
7 4 628231
7 10 809205
3 5 272131
9 2 765538
4 9 215300
4 5 94035
8 1 895856
1 7 596856
5 6 736792
3 10 645726
6 8 531036
6 10 642359
1 8 927088
8 10 360787
2 1 939325
6 9 461385
4 8 848193
2 1 632333
9 4 826980
10 9 767714
3 5 626131
6 8 360460
7 3 340361
10 4 70686
8 5 403156
10 7 249893
4 7 903271
2 10 826304
3 10 814686
4 3 627504
4 10 259470
5 7 62124
5 3 472451
3 7 274953
5 8 796532
8 4 74785
6 2 658009
1 8 260112
6 4 44261
9 3 146156
3 4 202960
4 7 594727
7 3 914041
2 6 159801
1 6 989844
6 7 936828
9 10 49218
4 6 321269
1 9 464747
1 7 827464
4 9 328756
1 10 116429
2 4 86990
4 3 575616
1 5 866540
4 9 768580
7 4 89575
7 3 25161
2 4 351774
4 1 730799
10 7 185429
4 9 763620
8 3 585521
2 5 11809
3 9 711644
8 7 44664
5 4 907987
9 6 649801
8 5 21204
6 2 893113
10 5 146209
10 2 902080
9 1 98347
4 5 494563
8 9 599957
8 9 856085
9 6 239865
5 9 4351
5 7 904252
2 4 418654
3 4 759904
4 10 2622
2 3 192782
7 4 907815
8 10 644595
4 8 923649
9 7 566995
7 9 514403
4 2 922414
8 5 666372
5 9 384319
3 5 762787
9 6 271321
8 10 835923
3 8 713009
9 2 320466
8 6 510332
1 3 355423
5 7 399660
3 1 231263
5 4 92755
3 1 776383
7 5 707244
3 6 640661
7 4 848039
7 5 407404
8 1 864976
10 1 328493
2 10 648304
4 10 758894
3 5 866419
5 9 539423
1 5 794748
7 8 720328
6 10 568599
3 8 442321
3 9 791228
2 1 622173
8 1 199904
3 10 160142
8 1 104512
2 7 477093
3 2 134046
7 9 416451
8 4 473537
10 3 197582
8 5 434244
5 9 761471
1 3 150783
10 8 475635
10 8 762307
9 2 370146
3 10 299950
8 4 225825
4 9 373028
1 5 332988
1 4 847871
10 1 866381
6 7 836892
10 7 891509
9 7 361731
1 7 258200
9 2 512706
4 6 666757
5 2 512497
2 10 408368
3 10 799966
2 4 808238
8 9 150725
6 10 819575
7 1 691080
1 7 932376
8 4 945345
10 1 99245
3 8 303745
9 1 850155
10 1 792013
4 5 161891
6 1 681364
1 4 865791
4 7 744199
5 6 501496
5 3 210243
5 8 3124
2 1 701245
8 5 653780
3 9 48764
6 7 81740
7 5 374508
1 9 947483
2 4 545054
2 5 950881
10 8 30739
4 7 22695
2 8 29981
10 8 673939
7 9 886947
4 3 977648
4 6 890325
10 7 457381
10 5 624977
2 10 486240
2 4 819118
6 7 54540
9 1 270379
5 6 290328
2 3 157022
3 8 672385
8 3 909217
9 5 573439
6 10 186855
9 8 772437
7 2 968821
8 1 854320
8 9 971477
8 6 194988
5 4 620707
8 7 663576
1 8 212032
2 1 430461
3 10 717214
7 6 942588
10 2 11248
7 5 129244
7 10 265189
7 1 126744
8 9 819605
10 8 269955
1 3 694431
5 1 954060
6 7 485324
3 4 214880
6 10 875559
5 1 722124
4 5 698435
1 7 783192
8 3 645665
3 9 712076
5 4 112083
9 2 727634
7 3 431977
10 9 911762
2 8 405981
5 6 703096
8 9 251925
2 9 54738
1 5 782508
3 1 421423
4 9 338100
7 10 321253
1 7 889400
7 9 310051
5 10 877217
5 1 664700
1 9 337307
7 8 245912
9 1 895723
6 5 849512
8 7 90296
2 9 453490
3 9 990284
4 8 523329
9 4 663796
1 7 628920
10 5 560993
2 9 142274
5 3 797475
4 3 400144
1 8 235536
5 10 119761
9 8 38789
2 10 931984
6 1 672852
7 6 970956
1 10 637421
2 9 826770
1 9 301435
5 6 64376
9 2 269938
5 2 183649
4 5 869299
8 1 491488
9 3 126316
8 7 128392
7 9 247635
2 6 495017
3 7 492921
6 9 349577
3 6 807461
6 2 416041
1 3 541903
8 7 540648
1 7 303176
3 1 100879
5 7 562780
4 10 665694
5 8 331508
4 7 156807
8 6 774796
6 1 80804
8 4 281057
2 3 892478
10 9 589906
7 3 442089
6 7 604652
9 6 668697
8 9 792757
10 6 291159
8 5 337956
3 7 760009
6 9 144713
3 8 810993
8 5 481316
8 7 218984
3 8 118705
5 1 754364
2 1 116109
3 7 291033
7 2 757941
3 8 512769
2 6 325609
10 4 181566
1 8 449808
7 4 861015
7 6 986124
3 5 411363
1 6 250868
8 7 40440
8 4 181457
2 5 591505
7 5 502124
7 10 206661
7 5 49836
4 3 397168
3 8 771393
7 4 916167
2 8 508701
3 1 17327
7 10 918261
9 2 26194
9 6 306745
6 4 350965
4 3 593792
10 2 489200
5 6 287000
7 1 674040
5 6 318424
10 8 538931
9 5 481807
10 1 938349
7 8 840024
7 3 558217
8 3 46321
7 5 783740
6 10 204839
8 9 356789
8 5 374644
2 6 941337
9 8 179141
7 10 313285
8 6 729724
9 4 411092
3 10 302190
10 4 894174
1 6 926564
1 5 974524
2 7 222821
2 10 237184
6 8 834588
5 2 550481
8 9 161429
6 3 910309
9 2 752898
7 2 578309
6 8 15900
9 3 375148
2 4 662798
7 1 703880
10 3 705790
2 4 819198
2 9 284258
8 7 561304
9 3 95180
4 10 877166
3 7 4249
8 2 925565
2 4 286782
2 8 750541
3 5 369779
9 10 141314
10 1 89949
7 4 77191
2 9 403234
9 2 743666
4 3 129968
4 2 685006
8 3 554401
2 4 517262
3 8 19969
3 2 89166
10 7 174693
7 2 898021
5 1 303100
9 3 719068
7 2 299477
8 9 255125
9 8 740149
10 2 939392
8 1 973216
6 9 358521
9 5 93807
6 1 656692
3 4 622464
2 4 640734
1 7 46008
3 8 849393
5 6 457944
7 8 874216
4 9 864484
10 4 339070
7 3 404489
6 9 195129
1 4 582287
5 7 954092
7 8 782984
9 1 642843
8 7 204664
6 3 704485
7 9 883123
1 7 493960
8 2 889901
2 3 860974
5 8 305012
4 9 321188
2 9 337410
9 2 569426
9 6 740057
9 5 159535
10 1 6829
10 5 558289
5 6 70072
10 3 573726
4 6 755461
1 9 85195
7 10 986645
6 10 949495
7 5 583676
2 7 15541
10 4 673678
6 7 98092
9 8 35909
7 8 732280
2 3 61054
7 6 87452
1 6 29300
1 9 144699
9 6 426873
1 6 187428
2 1 166605
2 10 202912
5 2 93313
9 5 844175
7 1 145208
1 3 950463
10 1 305021
4 5 499363
3 9 242940
6 4 346085
10 2 342096
9 8 753109
1 6 915444
4 7 490407
4 9 348276
1 8 423280
3 4 541936
1 7 858472
6 5 410184
3 2 537646
4 8 654273
5 3 556931
7 9 784531
9 1 532907
9 4 458468
3 6 541125
6 3 840917
5 1 75036
1 5 384652
10 3 676974
5 1 189980
8 1 203360
3 7 525401
5 7 717756
1 2 286877
7 2 982421
6 1 36740
9 3 25116
5 10 779665
10 1 952541
6 10 458599
2 10 84128
9 2 15602
6 4 842709
1 8 30368
5 7 153788
7 5 489116
4 2 330670
6 2 984057
3 1 761151
3 9 296108
8 1 551760
4 7 616871
1 3 777951
10 2 961344
4 1 536479
7 8 857672
2 6 319657
1 6 124820
1 8 495184
10 7 678389
5 3 928323
9 8 951413
4 6 539029
5 3 675603
8 5 595028
1 4 360719
2 10 359520
10 7 344245
1 4 961295
6 8 919436
7 9 175107
6 10 453575
3 6 856933
9 10 627250
9 7 900115
6 8 710620
3 1 494111
2 4 976110
2 6 732521
10 9 568898
3 2 362158
7 2 764277
4 1 909999
7 2 761413
7 4 19143
9 2 711682
10 2 14864
3 8 628289
10 4 158686
10 1 483341
10 1 177837
7 3 24985
4 5 501363
6 2 613145
5 8 841396
1 7 273864
8 3 933041
10 7 318853
2 1 534685
4 8 967089
2 8 292333
1 8 458992
6 9 759369
6 5 289320
7 5 786188
5 8 164628
2 7 266341
2 7 767733
10 2 680096
5 9 99199
6 1 663732
4 5 668819
5 3 493235
5 10 761985
2 7 875093
8 3 580785
6 3 900597
7 9 516835
2 3 871582
3 7 887353
3 1 995087
8 5 769636
2 1 380525
2 8 500157
9 10 948226
7 10 53605
2 7 830437
1 5 635708
3 4 56112
5 9 986015
8 9 261189
4 6 248485
1 10 870717
9 1 629835
1 9 594587
4 5 699075
10 5 175153
9 4 784180
4 8 678817
1 6 594068
7 5 92156
8 7 29128
9 1 935419
8 6 910636
2 9 285026
10 5 482465
9 10 430322
8 6 452508
7 3 291145
8 3 707553
7 2 318373
8 2 127245
8 4 736465
1 7 137208
3 1 247455
7 4 84103
3 6 340213
6 7 932044
9 1 527147
10 2 346192
1 8 866416
9 8 847109
1 3 174447
4 9 537844
5 8 438388
5 9 686511
8 9 692501
2 4 728350
9 7 353715
1 2 973581
7 4 196999
6 8 646236
6 9 525289
9 2 60866
2 1 517517
8 2 246301
6 4 339413
10 5 603121
7 4 243735
10 1 946477
2 10 831056
8 7 125768
10 2 30512
9 5 785439
10 4 440414
9 5 205423
1 4 678783
5 6 465928
7 6 698204
8 2 648221
8 7 840056
6 7 520364
6 9 459017
9 1 524299
1 4 478335
5 7 701452
3 7 231737
7 4 830183
2 5 641249
2 7 185557
3 2 745310
3 6 325509
6 9 594201
4 9 996484
5 4 650147
7 9 60259
7 4 479207
4 9 175828
1 8 227616
3 6 40005
7 6 769740
8 10 982003
5 10 704929
10 5 518401
6 1 91380
5 1 318956
1 3 386799
9 6 444793
6 7 592588
4 1 111151
9 1 293531
2 3 533294
2 6 375897
9 8 182661
1 2 152429
7 8 914904
9 2 994194
2 6 829065
3 6 590021
6 5 823400
7 1 277160
5 9 763183
10 6 208167
1 9 347147
1 10 40125
8 3 891985
10 9 115378
10 7 943909
1 5 918476
4 1 739231
9 7 262531
10 3 407438
2 9 894866
8 6 336252
2 10 242224
7 8 561896
5 8 520852
8 5 961108
1 6 187940
2 7 488613
1 8 287408
4 8 890385
7 3 165769
3 9 332332
1 8 454768
4 7 688919
9 3 972556
1 8 705248
9 8 121765
9 4 15476
1 6 752820
6 3 555077
2 6 453289
3 6 56293
3 6 571093
8 4 826257
10 7 688693
3 2 965230
4 8 851393
5 6 956696
5 9 544287
2 9 865378
2 5 462417
7 8 631448
7 1 405672
10 5 169425
2 8 537821
1 8 94832
6 9 278857
1 5 73372
8 10 497443
9 4 383748
5 9 73375
4 6 111685
1 10 144573
9 4 550004
1 8 634448
8 1 342720
1 7 389688
8 1 903136
6 5 358856
4 6 288581
5 2 723985
7 9 184851
1 4 782735
7 10 275237
10 6 826087
4 6 890277
2 1 642413
10 6 221383
2 8 635133
5 4 67
1 9 473659
9 5 934463
7 6 66140
4 5 717075
8 5 336932
5 8 920468
9 2 793666
5 8 679124
8 7 361512
1 7 347816
3 7 164969
2 10 893936
8 10 330051
1 6 480196
8 7 643400
7 4 169239
7 6 534540
2 10 10800
3 5 7171
1 6 271236
9 5 998447
3 8 598993
3 10 567934
10 8 548483
8 2 164909
4 2 824766
8 10 462243
9 4 146196
5 2 149105
6 3 296229
4 2 891102
5 8 814404
8 4 992625
7 9 155443
10 8 156483
9 2 331106
6 3 667381
7 3 201945
10 3 416878
10 2 337824
4 6 53429
3 1 477295
7 6 817340
3 2 184974
7 4 75399
3 5 72179
9 4 704644
1 7 5224
1 7 968952
2 1 834797
1 10 716413
10 9 305602
8 3 700673
3 5 184435
5 10 786753
7 10 512645
10 6 676855
5 6 666808
10 1 859277
2 4 392478
1 9 601259
3 4 219472
9 2 78818
6 9 259945
9 2 775170
10 4 831694
3 10 336478
9 4 623188
4 6 285781
4 10 893774
5 7 1324
7 1 366776
6 5 794696
10 1 728077
8 10 661363
8 10 280483
10 6 661239
3 8 20433
6 7 697436
4 6 44981
4 7 909495
8 10 281075
4 9 407300
8 3 914449
9 1 253771
9 10 954594
2 8 373117
3 2 980526
6 7 339772
9 7 588691
4 8 909201
5 1 325196
4 2 661278
3 10 223054
4 3 566640
3 10 208046
8 4 797425
5 6 116184
1 3 507407
3 9 828172
7 5 611036
10 2 257696
9 1 831499
2 6 104169
3 8 987169
4 5 162211
5 8 717636
9 2 304434
2 6 208873
1 6 256836
9 10 591010
5 7 784940
3 10 106062
1 2 758733
4 7 633127
10 9 239634
2 10 789680
6 1 241316
1 9 602427
10 3 577806
3 9 400188
9 7 698787
1 3 838095
4 5 588035
5 10 531825
2 8 928989
1 6 291396
3 6 198053
2 5 599425
10 8 974099
10 9 190898
7 8 856040
4 6 658437
8 5 652564
3 1 210671
10 3 206766
5 7 833964
3 8 490625
8 3 304545
6 3 433845
7 3 448905
1 7 835432
1 2 196605
9 8 159189
1 6 502980
5 10 344097
9 1 236651
6 1 856308
7 5 967820
8 6 214620
3 2 652062
3 9 735596
1 2 18413
6 8 32220
5 7 692508
8 6 770556
4 9 494420
8 3 913409
5 4 779683
5 7 712220
2 5 716145
4 3 491024
6 4 166885
5 10 194945
3 10 798782
10 8 914899
2 5 849985
6 5 933848
10 5 341969
6 2 410633
2 6 723401
1 3 19519
1 2 149405
2 4 433134
8 1 649200
6 2 890809
8 6 268716
5 2 392385
9 1 812779
1 2 746333
9 4 115460
3 10 139646
8 9 43733
7 5 591420
8 10 824947
7 2 169509
6 7 465692
3 6 524341
5 1 859644
5 2 410161
8 9 403509
1 2 755261
8 3 116961
4 2 747230
2 8 657741
9 10 459298
1 5 736972
4 5 476403
2 4 21646
10 4 296318
1 7 619464
10 4 403198
10 9 579282
3 8 95633
7 2 201141
4 2 388830
2 3 772574
6 8 12652
1 2 611997
4 10 708606
6 4 326005
8 5 89940
9 2 322290
9 7 320339
4 6 213669
10 4 182846
9 5 640191
1 5 757868
6 10 516295
10 2 712992
8 5 610692
4 2 731134
6 4 750037
2 3 877582
5 7 477676
1 6 164900
8 1 7488
8 6 939516
7 10 764725
5 10 884849
1 4 517295
5 3 340195
3 8 33777
10 9 726626
5 2 717713
7 9 329203
4 3 331392
3 9 977964
5 4 728755
4 2 600366
7 9 904803
9 10 439154
1 6 289268
9 6 254537
3 2 766974
10 6 725079
2 9 654258
9 6 411561
9 10 840178
1 7 863592
3 6 687365
7 6 813116
9 4 227700
9 10 776786
1 8 661232
1 3 615359
5 2 518433
8 2 339309
1 6 884644
4 5 59459
2 6 791737
3 5 697315
2 1 276861
3 2 380718
4 10 449326
8 3 881185
9 2 1586
9 10 489730
8 2 108653
4 1 348399
2 6 521273
10 2 869008
2 6 640665
3 1 590639
9 3 285468
9 5 933199
2 9 169570
6 7 708252
5 2 162305
3 4 236576
3 2 910238
8 2 105853
9 3 720588
4 10 33886
1 8 432160
9 2 62114
5 1 251692
4 2 728238
1 10 590589
1 6 668916
3 10 881502
6 9 406681
6 4 11909
2 5 852289
7 9 736675
8 5 343796
5 8 44340
8 4 966129
4 6 266149
5 10 604721
2 8 540877
6 2 850409
10 9 886914
10 3 425966
4 1 131295
1 9 616587
9 10 206946
2 8 226781
8 6 542156
8 2 339549
3 4 899472
2 1 120973
4 1 956095
4 8 601505
8 7 689048
5 2 840401
7 5 563820
9 1 887707
2 8 410013
2 8 925453
9 8 462309
5 7 246876
10 7 110229
4 8 382673
8 7 719384
10 1 530413
6 3 975781
5 9 86671
9 10 520562
6 3 205445
5 7 27324
9 4 359604
8 1 72208
9 4 306788
4 3 258272
2 6 580713
6 8 791260
10 4 855390
2 9 527698
3 7 526681
3 7 802217
5 2 844065
8 9 986261
6 5 997384
5 2 853025
4 8 327633
3 2 885934
6 4 669013
6 5 581784
6 7 726092
7 6 372492
10 3 5358
7 10 43573
9 2 219762
1 6 57972
8 6 61468
7 5 505468
1 4 273615
5 4 862387
10 3 815646
9 1 370939
1 4 716959
5 10 719889
5 6 120568
6 4 467589
4 2 613886
8 4 21121
8 2 107677
9 8 370885
3 2 119390
8 7 472632
3 9 524092
7 3 690009
10 2 176576
10 2 342640
8 3 419073
8 7 56888
4 9 12820
1 4 282799
2 8 457709
3 5 38963
7 5 440364
6 5 819800
4 3 705600
2 6 214793
7 5 11628
8 5 350820
4 10 655310
8 9 569173
8 9 957877
6 4 418517
9 10 885778
3 9 634220
3 9 602924
7 10 800197
1 6 209076
7 3 294025
7 9 219091
5 10 353201
10 4 786702
5 7 421324
5 4 168211
7 8 33464
8 2 319501
2 1 5437
6 5 295256
4 8 787921
7 3 246057
3 4 963424
7 3 970025
8 6 293228
6 7 103644
5 3 493075
6 1 456676
4 10 418798
1 5 632860
10 9 877842
2 8 950237
2 10 993600
1 7 489624
1 7 3992
3 4 297008
1 8 220736
3 7 969017
1 5 689404
10 8 808147
6 9 3577
4 9 256516
1 4 887887
4 8 951217
1 3 330031
7 1 85640
8 3 389521
2 9 456018
9 1 478059
7 3 269129
3 7 505017
9 8 442005
8 3 475937
5 4 581411
5 1 107756
1 5 210956
7 3 109561
10 9 151426
7 5 253996
6 3 259125
5 3 445491
2 7 264133
6 3 824405
8 6 520908
5 8 165460
7 6 780924
8 10 372643
10 5 710497
9 5 102047
7 8 803000
1 10 347741
2 5 449665
3 10 13598
4 8 764625
10 2 363856
6 8 398812
9 3 206396
6 3 886037
10 5 955745
8 6 819788
4 7 452087
1 3 610879
5 10 411793
1 9 339691
4 7 223831
4 8 847793
8 1 726624
10 1 912205
2 9 631842
7 10 475605
5 8 385076
4 5 603411
9 2 647922
5 8 330516
2 6 967417
2 9 301090
3 7 385625
9 7 823987
5 1 355468
3 6 474053
1 2 772093
10 1 282653
4 2 969262
9 4 907956
10 3 323294
2 1 414093
9 2 468786
6 5 664680
9 6 221353
7 10 101701
10 9 546258
1 4 611935
8 4 531185
5 7 139292
9 7 248019
4 3 920320
8 9 362725
4 10 758462
5 3 779107
3 4 585392
7 4 289303
6 3 766613
10 4 641582
7 6 978796
7 1 976472
3 2 750718
1 2 324717
1 3 922415
10 6 277671
5 8 860868
8 7 6936
9 1 149419
10 2 377536
7 5 298284
2 8 428317
6 10 665255
3 4 95856
1 3 173023
7 2 57477
2 6 983721
7 5 274716
2 7 572645
3 10 996430
7 10 571973
10 9 302802
10 3 415310
1 3 333679
8 3 509057
3 2 559070
7 2 39893
5 3 943587
10 9 124258
1 4 250879
4 6 728565
8 4 647873
4 7 737783
5 10 437697
5 8 410740
8 9 123925
6 10 12167
2 8 225485
2 10 654048
9 2 960226
8 5 791156
7 9 441683
6 4 525829
8 1 487728
