1005
358 389 630728
172 19 331059
810 109 391071
958 914 276839
30 846 598989
949 180 170897
326 550 94907
849 39 565384
95 508 891484
114 212 760064
220 274 967511
393 330 810559
538 766 495558
173 549 184755
85 829 161906
120 434 783801
625 162 993541
1 222 342297
153 596 821912
388 852 518861
995 926 914578
285 229 888625
832 463 336315
158 495 388721
825 53 299856
236 969 124487
997 83 525579
252 930 157559
984 862 654165
784 320 154316
695 927 189576
946 270 450640
858 13 603494
740 426 311659
784 991 404937
282 354 322754
119 582 489864
978 344 575003
121 622 81992
405 195 157936
51 34 194565
36 919 395539
632 17 64010
336 76 974153
700 390 564688
959 558 718693
100 177 503193
382 404 494725
297 12 441125
914 983 342719
925 353 448974
937 583 697958
313 750 176496
16 246 731825
189 139 417221
974 311 21675
874 496 220598
96 660 194126
397 249 186838
184 102 103390
923 749 920061
195 648 411853
34 858 100988
377 697 111609
553 640 925011
871 371 822067
552 804 754080
110 885 982059
519 517 348215
381 546 636044
662 736 219155
380 780 868010
757 473 541850
643 839 710246
338 368 14067
24 699 398474
491 955 135559
776 317 337829
354 994 354235
227 321 209155
684 284 338684
612 219 899113
331 915 714653
502 385 661465
889 171 726083
989 38 295055
271 764 382849
64 285 84214
692 987 554476
827 734 704772
766 543 802440
900 951 779962
634 460 548379
162 996 464281
384 889 747324
23 777 459759
991 469 365660
470 150 444078
391 572 728155
134 757 803914
428 772 407830
349 383 259333
993 888 218199
610 57 115548
688 412 98103
318 56 162264
4 65 742447
146 74 969793
996 20 762806
268 245 877530
579 77 254106
705 918 664556
729 875 827763
140 574 846700
964 204 653047
815 462 717248
258 921 506807
383 853 859266
574 501 683449
537 901 943911
792 935 96360
222 986 50258
185 526 354147
504 687 996679
636 167 642608
656 92 987497
455 105 870067
159 35 370748
651 950 463197
135 798 493523
893 302 764664
91 252 338873
139 825 736029
544 165 609710
845 887 122260
886 578 489944
314 158 926387
7 68 532006
528 884 79262
28 213 902449
324 756 283608
677 565 897260
649 366 703223
372 138 768322
956 861 538275
152 327 133338
225 18 142967
824 946 900046
638 632 319566
14 126 548868
909 384 708197
571 788 494383
194 641 193183
932 230 684377
174 545 37293
163 698 803110
94 135 964480
734 452 903194
530 849 150411
417 259 549680
439 403 599474
197 101 444386
255 69 878551
955 408 688432
806 482 978451
201 123 349986
540 576 139981
456 836 517259
748 644 710732
62 164 812393
223 298 186867
395 181 834512
481 538 532465
32 754 63617
687 357 655981
394 571 748298
337 910 495792
312 909 322864
293 215 562791
406 189 157169
512 486 323343
446 628 115920
569 282 30631
749 128 729801
650 803 855022
524 440 759912
586 541 528017
988 236 62244
709 675 865114
88 840 422239
361 4 230980
369 637 573036
606 506 140754
147 144 871065
447 720 690700
440 413 777627
351 297 271683
737 480 785743
683 715 689254
42 228 38443
929 981 214863
57 376 994985
781 645 24409
346 588 165214
143 871 812916
831 491 272462
191 104 754017
209 29 883961
506 665 987164
592 476 873473
644 73 457119
819 691 670937
283 472 148611
343 265 649802
952 948 230981
873 623 514930
444 81 336247
454 843 589516
682 416 307728
848 874 657768
298 493 285689
594 968 319691
6 781 789391
445 94 830185
69 375 440996
686 830 50839
971 405 63713
386 148 455909
847 684 770828
200 377 37290
90 746 642945
379 465 781521
994 745 955881
101 642 613357
588 613 891422
801 305 282368
908 137 671803
226 223 467125
928 98 930123
203 963 43016
480 962 36939
434 214 483293
295 170 784190
46 350 983225
462 791 392389
60 478 38323
137 714 502675
834 312 393013
303 237 998368
5 877 715619
190 886 845585
938 288 398110
640 216 191781
503 934 895129
669 461 620263
657 494 49928
697 225 432837
761 37 250215
288 345 98369
505 989 134281
842 799 982546
460 941 194898
701 631 694849
805 539 522225
689 520 644094
924 193 25075
92 973 182143
696 666 404821
685 410 477575
472 382 819415
319 179 10699
287 598 127531
108 634 137964
585 117 964995
948 168 657298
573 712 470113
798 292 469651
790 348 458044
118 670 817354
270 464 582281
661 227 846868
448 163 984390
475 242 665077
676 589 416365
125 638 653343
334 647 769581
296 174 449286
474 188 795879
83 111 900143
905 654 647694
241 856 326235
378 500 492064
941 11 953871
927 733 100663
193 119 794368
833 191 671027
239 761 217844
693 129 862199
534 659 865398
99 970 404490
619 332 458209
514 809 494446
778 457 336650
869 103 527157
266 279 842995
52 178 59961
703 540 63064
31 355 846331
181 813 432960
177 448 347772
68 819 151082
578 467 790245
809 27 326534
623 231 683662
267 863 641893
882 55 188737
916 854 140142
876 553 248361
954 239 324740
664 965 533060
176 362 327501
425 207 639037
308 203 275058
478 601 113448
910 445 485838
782 431 556604
423 547 863890
433 381 111265
79 882 643819
747 407 389848
348 121 785446
931 954 806594
755 844 820205
919 485 738485
548 992 784270
642 931 260986
626 450 823438
9 409 382689
403 612 426572
911 982 111740
55 717 710549
877 600 883286
543 773 313778
138 21 273721
33 361 155790
720 176 843132
435 702 179121
368 441 132283
98 595 183274
53 763 884810
611 824 333079
247 936 383094
375 598 951478
497 554 693589
861 325 718434
897 845 236526
739 867 647160
791 580 812198
27 406 490865
990 153 320929
367 418 946345
431 303 981266
912 728 693516
291 351 978210
816 221 477615
963 536 855545
494 456 407490
780 902 157233
328 708 880217
17 511 496065
752 855 514225
566 296 396136
166 206 316981
565 326 98440
843 928 999863
12 147 651948
580 428 592436
745 988 560607
286 258 897209
667 899 763823
511 395 613059
953 705 50796
330 488 183744
449 976 406763
477 358 870183
113 626 293654
981 974 590570
590 972 551181
513 91 202769
218 834 308765
633 742 465161
261 202 888045
457 656 553829
599 241 256408
180 437 625395
822 333 703948
992 945 436493
907 393 162143
521 735 657372
389 502 654321
572 657 109800
783 25 398923
265 309 39459
211 566 434242
723 490 761717
274 155 328678
763 22 871381
532 560 831487
111 876 223732
469 787 624753
707 911 202400
353 939 181102
800 548 622551
341 530 377689
896 621 267199
678 310 569818
243 991 774195
25 770 217201
404 100 473846
65 3 789674
846 154 366730
970 328 812508
706 130 982815
214 679 292133
156 774 967818
10 689 405654
151 812 479913
43 67 292839
115 850 212500
157 419 154087
966 226 649201
499 71 78072
702 339 231046
603 23 55936
207 256 113695
821 499 511250
554 625 82646
541 51 197207
508 141 405411
663 872 523832
522 947 307536
188 421 136464
13 865 673176
624 894 578593
464 420 877037
972 28 82337
213 60 393434
74 587 722299
724 400 236692
309 686 714546
680 261 15290
535 704 798060
587 255 921344
206 759 899298
836 424 426901
489 455 339733
884 627 731648
486 890 705997
21 63 814546
275 378 303593
122 143 785454
41 504 821547
311 769 787118
817 741 206875
234 594 216093
728 218 205178
582 468 710314
652 295 776443
658 349 892517
263 620 573709
802 169 718524
786 9 798132
278 352 343308
812 980 799984
711 432 164446
468 636 207668
708 58 805247
527 88 450736
459 514 833227
944 115 814375
718 662 761067
44 683 709976
894 483 260691
148 793 199767
89 433 579955
744 402 395853
659 120 786066
269 922 113038
254 516 657448
851 198 196279
839 159 66462
277 579 990536
370 559 299871
131 624 971435
345 7 240992
373 278 358188
484 271 113202
898 149 908643
865 374 818989
187 643 723187
509 857 152530
857 515 150323
767 31 573486
807 211 52490
488 835 338348
483 753 183050
117 929 568787
726 474 984015
613 299 269889
409 360 230181
888 342 241330
476 99 573812
618 484 696894
124 920 851718
710 287 599904
306 727 429753
651 755 727826
853 247 966525
416 343 685539
672 308 197658
943 275 179788
840 711 624989
466 479 681058
604 940 832187
529 760 198198
547 373 425407
463 528 619353
15 235 430011
235 958 97443
316 182 514697
87 172 943286
627 544 252731
305 690 922979
772 949 797847
967 5 847067
713 397 258805
539 519 838484
621 386 652722
18 113 697169
215 396 690267
355 956 306253
35 281 231217
957 477 934551
892 672 724512
171 250 909478
374 842 405331
178 36 594764
694 438 753932
221 555 94526
329 732 486407
736 400 612563
863 593 590745
73 263 638894
70 503 747036
340 695 593304
841 826 777691
770 790 509817
327 616 49519
429 838 935974
230 778 570296
128 316 420780
793 423 879654
103 266 54788
37 975 693587
29 232 898631
754 513 185711
533 54 318504
764 209 694890
490 917 330432
850 607 25933
674 581 870702
202 262 765385
452 43 322326
507 866 354304
743 925 928092
47 892 309112
387 569 661756
142 70 666182
837 771 42100
510 985 585564
968 257 383324
568 709 170780
936 737 778398
751 387 693500
617 157 29841
918 33 237122
81 291 949699
292 481 280744
342 272 528437
648 696 758282
597 677 330122
583 747 861263
339 112 79609
127 664 424581
20 755 253513
294 807 878172
182 905 473007
186 267 270981
608 439 441460
116 205 8644
902 334 354238
545 752 287935
450 820 429470
973 978 200445
80 726 557746
628 2 590735
826 649 351763
562 96 979816
787 224 37482
830 768 896715
714 415 236897
620 635 34114
310 979 302408
765 243 488369
352 269 641653
479 444 322502
75 95 190612
399 300 273642
756 364 533779
205 822 588161
210 363 223356
229 676 682891
59 873 802350
665 80 921078
556 731 795223
945 356 887272
109 611 295448
262 767 999275
167 599 265659
179 721 142536
276 751 818041
407 367 193916
835 146 985578
289 832 585087
979 584 79134
731 703 993391
501 40 65601
854 66 10847
500 89 599566
356 937 300785
301 785 485689
273 427 724528
161 906 170695
48 722 436718
635 605 386669
256 998 358959
577 313 682847
555 765 801448
82 615 66983
803 26 322492
516 480 955095
401 610 4678
977 903 466590
600 710 411730
471 527 591019
828 293 810365
906 701 908260
915 688 834040
496 108 921179
999 133 73133
465 78 37156
40 938 594009
557 175 668974
3 458 427173
673 329 492298
231 964 944771
860 811 288396
598 443 765631
605 977 40304
698 449 61294
415 718 304194
245 716 98775
961 602 192382
675 380 97676
859 681 982799
614 152 566926
217 924 357444
284 392 165928
363 723 317591
498 629 310390
773 194 612395
639 651 837701
775 609 392800
375 471 27102
899 201 627924
779 140 398792
216 775 117936
66 729 676018
567 694 528972
160 521 574660
737 324 391217
717 145 221025
76 952 654200
666 529 680656
788 370 933563
257 276 753090
715 864 951206
58 84 415674
304 200 383783
797 304 195292
939 365 20385
130 814 210910
238 391 844856
526 535 462293
862 238 96521
934 533 974759
881 794 426020
746 916 613327
485 693 870578
637 337 19369
887 658 155142
878 959 922581
72 50 441241
63 542 25540
436 537 839446
616 359 846565
883 142 286764
922 335 824035
814 290 843946
768 24 550957
738 663 357971
813 828 243745
811 525 64333
365 286 897691
212 841 819421
344 673 955083
602 41 691185
400 307 622933
93 436 866017
891 331 934925
561 254 737586
170 586 861190
962 217 635285
105 847 278653
228 61 214224
796 870 488240
960 466 755204
901 597 891320
741 6 130713
630 318 478576
430 806 811500
575 802 270360
917 789 942117
427 10 770237
402 570 571070
559 738 606336
67 808 718284
595 315 382065
412 907 696181
233 706 526425
136 556 706955
774 319 884433
870 878 899088
601 860 578208
867 192 204029
531 848 812670
253 725 275406
443 127 12946
19 273 462127
107 713 695938
332 45 55204
413 497 646574
317 87 505492
838 161 915683
244 505 602594
451 880 983513
432 394 657852
26 897 748525
155 340 683672
631 815 952847
106 619 917742
671 893 513334
84 199 464660
251 116 513800
998 75 229586
102 459 271826
149 730 895856
437 655 864760
11 425 387438
418 160 867599
879 264 894160
722 967 924780
762 896 950048
322 800 479284
240 667 741637
442 782 673571
563 122 376289
260 995 72977
771 447 823377
691 895 77319
581 86 937599
607 44 206811
933 837 96969
725 552 829930
866 891 269464
175 1000 872469
904 869 54302
150 522 282562
482 314 484458
192 136 702114
398 186 512771
872 859 900673
242 575 848113
690 923 673055
789 30 613382
647 531 111294
168 185 764333
520 268 855671
392 451 609324
396 90 794324
935 590 860903
777 797 212563
38 933 624933
724 131 334293
390 532 568236
515 653 828430
49 124 754848
670 498 777383
249 678 853033
333 411 792109
321 301 805764
759 398 332476
947 82 334326
769 606 171930
259 779 796288
591 507 618858
315 208 522213
645 796 228269
560 971 813400
733 762 776762
721 932 618574
302 669 645666
320 346 99972
823 685 795566
8 401 212305
461 283 782654
366 52 426186
742 603 828698
704 509 574248
903 523 473420
78 650 359911
495 879 840072
940 347 835996
411 72 914978
39 442 791489
56 801 60999
875 134 727273
654 944 836124
473 561 417607
224 233 551124
371 577 609027
123 680 675695
299 719 91328
408 184 512044
804 942 114644
920 151 937119
126 851 515297
576 748 704748
219 338 239617
550 827 79160
458 336 524951
523 617 977332
536 16 802769
829 417 980678
880 341 620343
679 173 587861
820 453 94827
868 15 493542
487 454 868484
525 97 98661
280 388 643160
154 881 410267
335 630 296159
347 776 54770
913 618 814246
165 818 256515
129 48 119406
144 990 774459
622 8 661347
760 510 725627
890 166 132309
248 585 22109
97 42 700386
441 900 700248
232 639 345108
50 518 723581
660 957 147257
250 633 949410
414 823 69130
584 59 668633
668 323 154806
164 671 72873
965 692 202709
856 564 210738
930 795 246934
921 260 759152
199 821 535798
609 573 759652
421 805 422240
112 831 389440
799 551 33383
646 707 836932
808 435 690641
359 674 769177
629 430 792461
307 106 133854
169 79 352077
272 908 308962
364 46 362185
926 399 927019
546 32 818139
653 62 904931
61 85 965840
716 786 865967
712 700 384896
942 244 71019
492 668 948120
732 306 61509
133 783 42619
467 487 157578
975 492 265851
183 661 131166
983 524 892240
852 993 977795
855 833 439565
323 183 724358
290 568 741192
208 422 424962
950 369 597704
300 816 279371
976 322 793528
281 253 936572
735 868 225100
596 912 813437
422 414 832851
86 966 217680
145 132 166393
864 224 678814
730 739 73710
589 810 328452
54 156 241931
376 210 460493
980 682 839380
22 604 411202
787 196 62435
655 646 70901
350 898 375794
549 913 122928
517 562 3988
104 512 527371
641 240 983700
71 187 35529
426 614 927268
719 47 864120
196 280 78663
453 429 444709
795 49 96650
969 608 315699
279 190 978160
141 197 467586
357 592 445984
753 999 138143
132 758 911234
570 14 611357
264 591 454307
564 114 343675
542 489 851671
794 93 995987
558 470 872407
986 792 959302
45 64 760670
246 743 63149
785 567 16053
699 563 223250
593 960 96262
385 534 117410
750 817 826645
360 784 625038
362 744 497502
77 372 744969
493 904 601729
551 943 100636
818 997 313665
204 234 896510
951 740 162812
419 277 615176
727 248 182562
615 379 578521
985 446 774929
410 475 84899
982 220 918315
987 883 632761
237 110 69601
681 107 374458
885 251 373101
758 984 808696
895 961 892313
438 724 270558
420 118 104455
198 125 128123
1000 294 234177
518 953 124153
325 652 582259
424 289 522494
844 557 238832
