1002
916 575 318203
922 860 279846
796 462 352643
975 269 971205
596 127 674281
988 646 519629
106 296 805074
675 28 743202
322 133 604529
804 639 95700
305 415 952408
363 361 940887
458 170 292055
326 183 704659
701 669 687183
331 553 78086
567 795 236255
606 688 614159
921 266 787717
221 901 840006
510 873 166366
380 470 549067
315 785 359677
691 52 290867
243 851 820706
137 19 222205
306 396 893849
835 833 495632
844 416 697723
374 300 335335
429 816 235520
283 36 231293
456 917 724198
320 119 67089
41 948 937528
288 401 481896
709 857 150867
70 144 834605
605 611 650548
217 659 968544
240 610 513816
356 83 264000
434 594 519638
792 570 951640
981 870 88990
15 522 963174
274 412 456327
192 494 182348
532 281 85478
646 8 912119
82 101 209227
579 226 959317
956 137 965059
659 67 406695
871 209 561129
436 154 486595
16 182 697094
242 446 462979
497 190 837133
74 671 427249
878 331 178817
37 829 702842
977 609 427386
132 42 628372
340 619 71102
439 958 929484
917 769 680479
129 59 474649
483 935 463926
521 883 939234
4 670 834707
206 711 310151
24 425 627852
595 572 190242
602 386 565412
332 599 98676
246 107 752434
201 968 593828
743 378 59660
278 763 190526
352 334 249174
736 780 476071
866 469 87472
766 804 123241
63 626 916174
337 585 149777
83 223 42125
416 627 846839
541 398 242213
648 243 667894
784 867 157961
183 662 669080
601 365 801691
985 831 826234
244 230 828193
484 205 502580
580 911 267715
864 200 861612
161 282 364060
771 954 1848
543 299 953027
598 459 207142
526 143 865414
618 80 168616
256 500 52586
114 944 741393
973 306 471828
385 861 328443
559 443 989669
447 238 363123
553 617 411309
655 641 791481
489 505 346272
60 350 394529
237 573 607502
670 255 805654
913 751 584525
413 971 852704
524 295 779468
516 928 913486
491 49 769483
760 373 628495
446 839 481334
654 689 727160
653 936 990961
265 973 679152
621 289 739097
269 116 303143
69 882 536899
851 794 147542
514 484 102429
203 324 908479
150 930 786338
857 111 1384
438 909 207369
697 779 833482
677 961 574168
992 739 237717
909 784 800855
279 358 808352
767 438 378365
565 375 609488
222 366 825384
858 516 225181
548 497 502901
886 316 284630
406 864 599871
891 156 107951
361 820 507796
915 3 194775
149 643 99516
889 913 663286
67 541 134368
56 387 908753
561 520 441495
583 904 997145
707 402 734178
207 390 330479
30 633 176377
860 508 590654
797 408 401093
597 549 224509
769 796 605122
907 73 995663
387 783 51500
834 586 296592
95 726 384182
733 720 937903
358 920 293765
576 601 133964
609 189 93068
782 735 490917
173 259 534393
952 756 18788
379 418 268835
923 419 750069
383 474 200381
209 900 169355
346 530 103231
257 977 89683
954 37 309732
259 731 151036
755 844 524248
27 13 162663
14 732 367018
18 343 586794
791 166 210335
376 699 134424
993 70 988452
950 797 129293
719 212 395680
588 287 430962
131 246 475182
353 260 998190
261 210 12335
184 337 46023
80 61 307200
713 94 601666
180 764 222001
53 81 335904
258 551 243837
827 896 447033
785 115 538922
523 745 465793
134 1000 367691
519 811 70571
480 274 395303
933 422 735696
498 150 812931
547 583 881077
594 362 226746
76 980 904377
752 949 162279
997 824 362017
808 701 835796
254 279 913477
310 452 474733
824 760 933758
393 638 357027
574 242 309716
813 556 826477
296 915 868520
865 579 735452
862 482 789163
994 449 35953
371 428 74949
688 814 337068
972 702 589562
71 907 611181
87 124 68664
584 577 24724
556 74 980749
108 114 154450
614 480 81022
287 502 316478
534 297 940013
297 363 172739
967 152 255258
59 905 207499
649 308 523596
476 293 44724
591 82 104461
496 747 503543
838 32 85569
152 179 765912
432 744 954898
229 666 988520
990 62 434475
780 872 225794
155 84 678032
946 993 694780
34 399 394900
239 471 963353
853 768 982528
898 234 21991
101 403 900159
238 31 651401
253 759 919112
805 743 205402
411 967 903037
40 998 30227
615 581 555196
140 912 555815
759 640 579893
144 766 975607
127 320 662245
718 637 107761
158 525 993674
214 291 660921
251 721 543336
630 658 130052
789 464 483158
22 582 645008
875 548 487388
488 76 437480
440 875 814684
250 329 99001
955 11 138290
885 383 920981
12 802 491378
695 533 482307
772 69 525789
431 214 698905
232 267 468824
357 169 107193
77 700 951703
918 957 243556
763 272 240383
186 472 948831
663 262 873087
727 584 527543
820 941 783530
642 825 953346
36 314 541067
507 773 291013
375 236 205854
793 434 936178
444 342 320271
850 985 202958
128 307 786550
199 424 804654
502 382 718046
215 98 791711
84 776 571511
716 147 621669
613 622 373966
85 862 662215
65 123 593010
120 708 208901
118 818 145560
935 263 758608
220 990 159796
236 46 461000
984 380 6255
667 354 322396
327 859 783968
388 566 161521
473 465 469891
676 231 813750
840 305 255810
637 810 343402
105 863 483479
578 477 130604
110 327 668919
422 790 5198
218 88 471659
888 529 565489
367 540 245418
282 742 242317
854 138 601694
191 326 645794
171 878 853628
940 120 412111
585 614 761423
228 719 939589
761 723 154713
73 891 159325
31 716 982209
369 397 891912
849 650 740704
979 258 854529
295 117 629833
998 504 186568
93 733 248850
959 352 83362
799 245 933310
445 20 301174
650 782 42171
124 261 705435
401 558 33664
485 675 992620
966 623 521609
861 628 511609
658 994 434274
292 35 847941
626 652 37124
593 837 312431
527 574 954316
227 836 756777
968 146 313870
903 625 627680
19 874 486216
976 887 63203
638 364 947196
724 834 534673
463 486 276923
175 303 61487
44 840 329270
943 110 285874
109 561 799926
121 853 824312
537 632 285886
100 90 187473
914 427 656740
693 636 965700
390 285 684691
852 423 713643
908 498 768106
826 914 798235
786 85 759527
983 384 416302
366 703 490335
345 753 210167
28 841 187691
202 359 43293
252 450 202882
780 724 502937
575 598 75445
687 879 253363
735 991 958470
795 30 544911
920 187 138027
696 68 437245
273 925 724017
169 122 610209
163 270 548776
671 451 438910
897 775 15801
902 458 901184
88 624 487606
948 706 375442
590 805 890192
454 219 652745
262 953 529113
501 823 321027
126 815 384828
426 845 551112
859 460 737548
197 737 998064
619 481 836007
147 5 446376
558 821 985279
931 532 506653
263 849 885724
421 798 442423
107 978 820637
272 923 235186
276 752 204799
248 933 942266
179 657 887069
349 95 257884
892 987 621532
68 256 702051
461 413 488896
809 588 98598
633 644 441534
715 369 935478
43 136 758842
702 765 651508
520 602 892947
925 812 241163
344 488 118603
924 288 443927
739 39 272895
971 125 317879
708 591 884496
103 942 56587
600 788 383423
52 168 252415
730 543 146438
334 673 30368
213 377 333166
226 545 457043
351 828 732295
430 495 17223
692 631 464263
170 850 232167
204 975 99392
294 684 472808
777 503 338480
783 432 395085
39 567 560922
539 71 275426
800 149 573709
457 620 399452
628 407 261198
299 713 367312
321 283 976845
49 832 935616
610 612 324182
512 353 284041
847 694 250653
643 992 974877
868 754 95778
528 826 737055
462 983 188641
890 536 48811
392 651 950759
731 539 966309
965 347 790708
863 233 671082
194 938 542780
887 819 650791
825 848 838564
6 858 742477
513 722 384375
362 304 42580
830 100 796522
136 409 322330
335 886 441386
742 151 288381
395 846 787734
404 55 598482
182 257 315384
686 227 697117
11 478 331194
167 235 44737
961 216 861795
117 648 939471
355 232 576003
26 15 578721
636 787 265145
91 466 186104
738 254 92308
721 338 471151
714 793 578052
266 113 175042
747 800 430733
494 596 388120
212 654 504232
162 695 960521
21 457 83093
474 186 926642
452 995 230778
467 562 668415
560 64 810839
822 341 871557
471 663 933190
706 667 447723
987 29 992714
893 381 989136
410 333 181856
17 856 824491
125 715 981203
641 605 586607
156 24 783090
672 515 210810
552 683 408715
157 164 421745
417 881 388481
669 298 375562
511 199 885658
196 171 833812
442 463 500998
62 173 347482
280 264 673508
529 439 783741
466 647 570000
154 355 413645
749 38 920445
151 63 369967
947 952 554143
130 176 528199
581 571 771977
482 974 280932
433 493 315306
508 587 510217
563 79 115345
301 947 975075
198 568 864590
9 592 822469
962 976 693620
551 198 998370
788 50 760961
592 509 201203
746 580 597864
999 240 397476
974 444 819943
958 563 819641
286 854 384110
81 25 124260
58 807 710917
848 132 609498
5 313 200029
230 492 34176
662 847 260054
517 40 717839
867 92 86256
545 959 247149
193 4 289352
725 290 955098
350 496 511407
775 9 445450
160 868 142790
443 431 962513
957 653 232567
629 400 691194
116 167 40662
741 517 653594
819 526 309811
945 208 377732
420 311 877812
400 791 813892
412 603 932264
314 686 56945
616 569 417390
201 576 177449
92 919 827584
531 325 993053
952 777 906205
504 801 47708
906 181 810598
872 892 232060
818 239 407211
112 578 510716
700 897 649137
704 220 885461
499 440 921720
187 172 371332
210 681 930321
233 843 12313
20 926 563961
689 335 180003
300 906 170966
533 204 768263
469 253 948622
679 902 773585
666 475 789074
694 704 952732
245 950 722719
174 103 474822
409 707 163096
710 268 66856
660 371 736105
459 809 739355
932 102 48362
285 185 13579
318 275 868826
550 442 792454
753 748 126831
991 312 368686
625 888 376677
72 249 768179
343 197 466046
586 476 928747
1 693 172503
896 315 693553
515 718 689171
437 420 538313
877 318 899414
10 755 492310
271 761 350969
3 218 81006
66 404 892927
568 130 368837
751 547 284193
982 685 552023
465 321 462121
612 734 94801
705 485 547755
930 680 804299
176 483 648914
78 908 528602
477 294 171081
500 608 665943
773 792 1259
216 965 135968
165 271 197748
146 514 380695
758 433 290649
673 750 383964
122 613 205530
123 265 423263
164 385 823509
623 506 358428
32 135 585534
928 437 369068
949 128 75942
603 372 812277
566 414 961512
680 513 508524
803 687 909108
219 945 579615
690 248 673366
381 389 502910
740 560 151268
589 328 714144
587 921 270270
699 934 500773
620 542 174127
522 877 38285
764 292 269658
365 286 202643
518 629 892090
373 429 228547
549 499 787983
61 555 731586
882 682 163234
48 922 713196
829 869 577445
570 345 455228
926 940 684687
728 964 307194
407 951 791955
329 134 840092
812 368 325389
801 145 559341
378 943 267073
774 241 992365
794 195 327413
530 72 509793
195 6 441694
478 674 154423
423 392 828338
475 215 736194
678 665 289514
141 196 226930
617 417 980013
828 21 456286
557 519 903515
172 14 393899
370 454 457384
869 528 994981
546 512 207997
51 66 789607
874 357 504972
309 34 48697
750 184 799218
622 678 269370
832 54 196207
441 899 881540
876 142 685140
720 89 394211
870 963 238626
953 211 496448
978 441 267498
247 661 851466
189 388 816942
425 668 961269
386 786 129145
711 224 221308
901 17 476879
538 86 818509
929 18 158955
368 43 353499
303 544 520167
816 664 744620
938 535 312095
89 757 438352
45 507 910394
298 989 457979
555 201 143241
770 430 478244
573 175 156309
815 131 992629
57 676 499368
234 393 760851
842 139 30440
900 634 123276
823 946 636204
895 866 178742
960 162 133063
624 895 978510
290 213 962085
391 969 314325
899 981 645221
102 565 468769
843 323 416027
535 445 17541
856 521 785251
308 16 566062
919 705 213174
79 518 542267
293 593 584681
781 692 413761
503 803 336631
25 379 976998
635 109 596070
398 691 809344
509 12 332582
177 710 461250
942 590 745819
884 690 765064
348 97 846731
364 889 384519
264 982 860424
912 736 1459
765 979 291673
681 237 711569
275 87 23584
1000 330 425377
572 997 108174
399 99 962629
460 56 886950
604 192 418350
814 966 87983
29 340 101896
599 489 796136
231 349 784754
683 27 168327
205 696 381658
817 770 112178
211 564 217052
936 523 308817
354 894 424832
544 932 37711
448 903 761576
737 774 211925
486 660 142526
554 649 933211
403 822 104614
255 656 995473
336 672 286986
811 360 736294
468 60 155643
328 527 189409
492 129 130523
664 148 315332
717 157 517423
396 955 951332
778 962 872724
153 697 121547
223 273 269848
23 310 608120
607 554 615630
235 550 903561
316 225 28898
911 884 380245
995 2 465033
880 996 465582
338 885 994934
225 421 978871
33 47 803335
135 203 92840
428 161 292452
996 835 495526
505 177 609303
208 221 481856
841 741 547784
833 960 852626
339 559 799118
757 302 80000
90 772 305018
267 411 777823
668 159 97972
564 709 373650
810 332 504732
449 174 130394
450 968 31686
634 406 439585
268 956 734154
904 194 139187
881 10 780191
536 202 70884
542 999 402435
138 155 785608
99 391 936577
389 606 564869
470 531 576696
807 865 291568
133 777 738452
312 524 319689
608 789 916809
894 395 15774
685 206 837878
284 552 31976
647 467 577543
726 118 534028
453 595 236339
951 604 529145
317 370 42831
304 77 57876
405 510 4133
472 108 760650
50 26 999187
47 229 738242
377 160 895965
571 468 571997
313 339 441838
644 456 650673
159 986 958493
831 367 986423
325 455 631156
964 808 20554
582 252 110433
846 937 506176
394 762 783616
119 771 867457
323 53 260244
986 405 770430
7 817 288079
249 410 602245
435 376 88426
96 126 423592
342 806 994924
944 188 650955
806 278 417964
768 918 350751
241 740 293947
139 141 112827
632 655 498676
684 222 718868
291 487 482916
260 970 465386
145 730 687150
148 22 487213
408 781 747110
495 65 6347
360 491 15411
939 207 838361
910 852 679733
455 630 162689
674 728 718541
873 538 886187
104 348 136123
277 931 23854
330 104 957393
934 645 312100
941 158 293783
631 78 973923
836 916 754365
698 163 960403
418 642 456894
115 597 832678
652 322 389476
821 228 792884
289 501 614520
224 244 980759
464 250 137541
319 247 186504
333 910 861345
419 799 24685
762 490 665110
729 618 233665
190 251 291783
185 621 308617
790 924 37475
493 838 239780
577 344 500484
963 191 42421
181 813 912437
35 830 728436
143 725 30486
883 7 295690
178 436 226513
657 394 6184
402 939 471932
506 284 24790
490 600 157008
776 435 717660
734 317 373447
415 727 502227
744 51 122273
970 871 810368
969 842 859426
723 479 596427
802 140 46980
111 41 566652
13 738 687761
324 356 985249
754 277 164242
837 616 640207
665 698 614163
712 301 58832
75 534 89305
487 193 821576
270 607 438919
989 635 669356
188 714 117279
397 91 642170
798 57 399998
839 758 687040
46 677 285244
661 426 212815
97 778 122077
166 827 13559
200 615 222056
756 319 876466
168 557 89470
722 447 657417
481 712 890558
64 217 629276
745 351 977653
307 93 98275
414 749 137266
372 767 628265
359 537 514384
525 927 320349
703 44 791695
479 75 741109
682 121 663920
451 165 547028
113 855 448751
86 153 126717
645 346 662817
424 546 621135
281 893 609615
879 890 309106
42 309 269801
651 724 390670
54 511 55657
748 988 593507
627 96 915401
384 280 638166
787 58 405640
302 473 533349
656 461 727249
38 876 936733
540 984 278643
640 180 615845
98 729 125026
927 453 579434
8 746 386793
427 589 12011
569 374 96270
311 276 82205
341 48 30290
382 105 880050
142 178 308032
980 23 173313
611 33 435377
347 112 591982
94 679 870660
639 45 99730
732 717 162883
562 972 474686
905 336 617730
55 448 995861
779 898 468085
855 880 428051
937 929 334189
845 106 883218
