2000
483 132 439772
97 797 8465
218 441 749527
338 4 687284
857 44 345612
69 646 539225
755 762 374186
499 941 165508
382 189 136398
882 433 859878
417 509 969048
731 674 19499
3 943 392278
287 264 620023
984 921 811117
430 480 718787
705 225 838757
960 701 131188
975 571 340139
473 194 701762
954 784 150194
605 935 829027
672 938 567922
851 91 503591
541 379 300337
463 541 458223
345 709 955630
467 37 28364
599 236 362213
271 378 541021
619 763 339474
49 837 855739
742 52 248606
469 891 195753
353 821 524745
53 109 39121
730 365 624602
353 669 447099
546 456 162592
244 9 66769
185 831 980876
370 948 756032
171 999 935543
326 642 920386
763 977 441478
527 47 37486
575 666 38609
892 449 874588
705 69 844220
243 872 287570
336 320 791394
224 401 256200
285 366 985473
910 31 254542
837 303 990292
368 106 705180
583 922 119627
439 495 797582
238 160 162763
644 87 649967
633 211 86326
690 271 794164
9 289 814354
92 580 367219
601 185 276077
137 64 998486
482 406 253765
995 998 864886
151 225 395298
678 483 954402
794 249 458039
820 575 759739
663 295 396754
579 173 949121
427 345 544919
649 184 241810
32 512 882381
957 972 231088
975 639 534454
894 488 17566
453 875 980875
833 308 264813
36 561 499452
70 805 976516
722 981 3316
411 413 109385
519 965 549580
416 326 453479
896 749 630557
769 380 149494
139 202 679291
498 610 15038
449 963 752218
115 965 98825
523 280 378385
284 721 784498
234 37 222067
185 550 128329
845 936 982543
893 825 280899
55 480 579537
881 841 993403
325 165 471832
129 315 349943
819 481 90393
814 48 220461
462 736 296875
858 842 307324
118 176 983920
46 843 925528
237 689 488582
978 912 245534
699 219 419456
897 8 968828
284 32 376773
979 965 202743
873 50 336787
274 944 795549
93 646 456646
671 466 621189
805 594 814421
925 672 312019
995 743 18513
252 312 767314
694 893 45940
834 886 334783
390 805 53562
510 915 357524
282 317 226412
889 513 360517
451 917 490052
73 192 781070
644 836 960801
216 253 185966
705 283 905517
353 820 315810
139 885 422493
138 600 900063
594 624 137501
525 32 288014
180 128 299043
40 581 670025
117 7 355926
762 187 438260
692 836 105869
942 276 49021
582 827 203322
914 824 301098
615 260 286365
820 254 374755
26 135 186990
629 218 616709
87 753 862405
57 702 282967
567 556 845582
107 687 720613
436 224 226384
336 876 961399
944 104 920342
271 910 611775
539 198 38534
149 966 407849
144 796 508114
793 515 825815
777 561 148876
693 987 966444
432 515 849903
609 921 782903
891 328 835420
575 189 444121
885 631 985307
596 912 807903
385 10 415294
272 456 839352
899 455 688165
497 632 237843
173 274 350361
616 313 719346
564 666 722164
322 200 683726
901 108 31453
860 899 627436
999 499 71667
483 265 435730
344 68 325021
131 950 169417
259 128 166396
960 592 622650
560 57 482318
89 567 845786
227 962 1610
12 491 765650
812 375 326135
130 844 87001
966 750 529385
148 689 552370
794 233 739184
756 111 331131
966 866 765769
6 886 502095
143 357 817715
890 611 384296
365 126 462260
427 628 470345
990 391 84162
342 197 251835
521 266 607791
806 512 944560
831 224 523434
206 513 572954
836 309 378039
960 941 51820
292 117 494313
617 515 782126
564 604 388791
996 549 15267
650 715 206399
614 391 156556
467 341 232606
968 190 596460
172 123 56415
774 541 400428
748 287 268391
822 326 567190
992 649 486874
917 386 417400
927 372 907184
104 888 767665
275 218 93043
371 430 730105
268 998 257051
221 821 963926
971 207 106544
841 198 753072
897 739 865600
17 22 454706
805 413 396480
146 179 127286
809 143 558146
679 870 742430
585 258 702202
194 41 568319
85 527 257671
790 734 139153
643 278 203091
928 346 225081
240 648 808883
387 717 977904
63 666 307802
619 630 820389
795 437 640441
295 519 785508
814 800 81251
592 49 364101
587 810 371538
685 277 289029
489 620 838126
690 467 888015
976 627 731850
394 552 247865
978 289 995503
964 538 722043
630 485 85440
711 908 783112
873 864 504713
95 532 407654
691 289 537451
532 162 946629
156 1000 612438
828 500 377353
386 715 588599
536 161 59002
364 234 921012
862 134 567173
275 155 960245
870 248 663697
901 400 352932
445 71 527850
396 204 801401
159 517 203150
681 242 53655
260 592 421422
273 586 68918
160 616 761260
968 334 209591
79 460 935798
609 152 526390
245 259 207030
936 514 826870
668 504 51584
790 990 377894
561 353 764459
194 736 837745
289 595 865310
494 136 886605
501 612 191255
656 574 923154
896 770 159236
627 432 841740
711 569 347590
362 1000 29870
408 919 964142
758 761 331790
670 595 669173
991 738 11734
372 476 312775
55 237 746939
783 501 339775
330 190 738249
792 435 52162
927 961 892885
381 462 546264
995 668 212573
97 8 101680
834 662 141194
345 287 674526
126 634 164072
895 142 426259
209 843 518005
369 265 5154
83 922 433979
336 864 25272
128 740 603831
239 717 785600
236 645 704645
958 338 743636
708 441 688716
250 22 613588
370 54 249736
194 20 447508
554 179 120939
708 109 770649
962 924 851557
283 447 503341
504 285 403797
478 288 890596
350 807 841431
338 682 692911
699 740 142120
814 213 819229
337 60 397075
677 342 73000
153 708 159614
73 589 158051
398 327 414256
67 693 236746
982 66 374945
398 37 162919
682 502 578365
293 861 396417
387 14 304871
932 974 110977
57 180 126533
551 222 907002
16 935 251464
434 120 933853
56 353 366852
623 582 138070
858 283 70222
904 661 297922
714 181 642400
950 74 425261
272 939 784801
451 344 374722
250 969 845259
407 254 748651
869 339 530100
750 165 243140
58 715 865705
747 882 444668
616 15 651539
666 259 244979
782 20 914053
750 804 880467
242 941 667018
749 821 596870
281 504 555976
259 292 314476
581 217 18963
227 89 993758
303 624 866307
514 919 978625
785 316 164057
703 311 603142
595 244 966627
804 978 430894
781 822 847110
349 674 14212
451 319 264105
718 807 357365
151 139 218419
535 533 380772
265 70 963297
978 971 61878
899 811 347573
684 603 345926
871 24 475759
550 160 121742
749 860 867894
175 591 204213
763 769 307764
811 596 309897
291 332 396345
688 266 932885
734 143 345744
849 713 667006
932 751 535793
377 956 518290
551 265 813689
570 970 779329
417 288 61286
518 22 462597
900 426 966543
437 197 290877
641 213 358834
308 167 398522
404 24 512916
988 232 947176
129 180 347576
315 774 345671
444 925 141536
84 78 193794
225 247 777205
407 894 429212
233 215 17459
283 403 809311
941 773 472541
567 297 782935
731 58 680603
15 263 691313
514 915 146846
547 697 631591
278 57 533250
150 259 132095
198 204 928270
682 271 88160
383 677 70837
810 587 911250
580 360 340329
300 805 698924
713 979 135675
286 284 234094
791 120 155032
776 407 965047
82 153 643615
620 579 126859
339 21 947045
203 911 980239
435 291 137913
242 14 628606
102 158 571732
575 419 637006
335 684 726238
538 376 489473
388 995 164960
543 249 283763
191 82 980257
197 187 216716
780 63 567432
227 463 772358
912 668 803950
674 654 376878
370 362 101410
194 636 431986
364 565 656199
383 125 499339
236 170 620667
496 83 351916
850 302 635972
44 987 452705
784 494 173572
569 853 978830
463 570 231525
444 943 41721
793 843 806419
552 974 862413
538 280 345661
879 818 731800
952 972 751568
450 600 965326
827 986 53798
178 975 474008
657 6 543246
71 731 838973
547 859 301914
938 456 463500
20 554 527380
974 80 191444
746 621 537105
446 817 423514
662 997 310845
605 243 194837
624 258 260719
668 550 715291
920 719 546207
325 642 873440
698 996 494518
578 817 886874
709 157 903414
28 15 618937
951 864 293684
230 87 964098
118 826 284152
843 987 769740
333 946 718744
896 97 283591
431 31 807140
195 358 706368
674 798 583677
458 821 443825
798 822 449797
954 884 120436
771 424 8520
272 545 620583
679 5 550911
509 418 677353
819 953 632160
471 623 364132
191 592 654510
447 410 24534
329 415 572868
88 377 488418
670 993 560574
610 857 622798
536 177 828158
554 681 642140
865 862 485321
405 794 97048
156 638 198173
380 791 133966
792 718 781497
598 193 56627
12 111 74105
53 539 623153
262 954 18267
103 698 356102
752 920 783679
675 870 858973
729 324 486545
949 464 777643
280 69 298049
558 43 762901
628 673 425656
116 571 93418
35 267 707043
142 72 602408
264 235 693576
230 396 223549
444 482 283539
574 779 97881
599 679 64466
280 692 128083
699 453 106799
796 486 702629
318 546 598703
705 254 310427
166 551 703577
952 901 909938
307 209 291675
546 618 837617
670 125 31859
825 190 241536
780 204 72599
900 615 888353
420 173 289968
44 273 261857
793 419 661737
728 685 473593
398 214 303538
689 613 772090
87 833 943760
320 188 196444
864 1000 503156
631 732 985077
57 210 588569
235 878 608846
89 364 620454
218 172 826393
131 334 677700
735 118 275590
357 340 555949
721 455 330000
924 403 672644
500 77 859363
569 314 620526
638 896 703808
555 364 56593
193 693 858931
69 838 773269
172 152 517287
500 360 506139
419 778 380510
27 961 384783
103 58 592233
633 380 822921
535 472 733407
69 916 673455
472 343 597105
606 165 716105
342 996 354133
374 896 557988
254 61 756790
394 714 864943
680 377 143078
971 433 110696
557 469 458654
766 968 256762
552 519 560636
149 525 391516
393 398 196965
775 148 931008
295 937 800745
252 673 417106
352 689 240543
28 933 536337
598 639 561400
9 340 644739
352 149 310651
503 808 494461
840 243 523170
587 361 800387
106 281 729577
614 204 403658
913 812 375660
876 248 688243
74 592 878277
981 58 245583
946 450 863824
696 956 711523
855 590 407584
953 841 71707
644 797 425000
50 722 288949
936 449 288983
942 378 293480
956 455 926561
263 876 832829
640 286 246728
434 201 806521
934 90 998793
498 260 210758
824 568 791714
440 658 374032
612 116 484645
201 17 740816
531 858 233794
5 960 14057
138 982 6411
555 614 385861
613 664 332880
878 864 21685
798 373 291077
347 381 342740
703 12 726489
970 718 672642
839 719 395014
884 710 227220
224 113 984093
391 442 776917
70 847 930370
231 370 644525
769 115 183678
294 487 439085
35 501 867599
802 115 477511
435 530 894374
125 507 822364
661 510 927131
385 258 714544
698 252 40199
708 519 259544
905 495 426693
994 694 180043
526 168 23185
585 811 911510
697 956 670858
160 880 850374
124 431 991948
643 632 913166
672 856 802485
139 177 97536
700 105 173023
458 501 467602
135 877 434198
733 453 195037
376 594 41471
427 834 800910
425 458 358490
633 752 622045
695 301 55341
480 44 740971
48 604 450799
677 582 132301
875 855 467873
538 132 605582
507 93 535490
487 725 113948
44 175 68848
396 767 103757
977 328 833825
39 380 519382
297 399 455683
619 935 87319
190 760 69788
704 1 943683
489 463 856089
493 382 147844
426 134 767172
295 92 177656
358 865 586317
433 824 276888
750 182 813902
750 518 911899
340 297 242410
715 321 907682
972 304 959859
155 529 920506
210 443 645058
111 830 763094
695 61 763330
605 923 75660
999 257 677668
817 182 669620
56 65 957591
621 98 23942
215 25 726500
908 229 425005
766 510 179064
898 300 709469
788 58 219168
484 699 728083
933 73 988390
540 846 816452
663 182 145231
423 697 231214
234 875 909087
334 684 649220
125 512 66269
636 557 626674
363 278 626797
945 648 237159
905 234 632739
796 103 739092
7 84 142974
613 564 758623
316 183 198084
710 637 486429
279 558 172748
807 409 537705
531 935 154067
667 174 649274
590 58 112152
498 346 900443
22 486 456386
537 388 47309
617 869 81001
278 180 619079
214 436 615667
309 492 900501
573 305 121669
220 38 519172
458 199 369772
847 935 703947
359 571 360217
91 825 351176
467 981 199262
525 273 490128
661 20 564974
96 241 732696
206 662 258079
229 401 64901
199 589 943073
363 633 274100
436 56 340430
891 608 178768
761 779 953927
415 754 991260
162 659 355501
660 887 781930
859 247 430138
727 412 256940
202 207 850279
414 790 866101
812 531 566121
17 112 995901
918 901 906957
236 630 525837
103 122 364684
644 919 174085
512 602 939844
330 427 739755
211 543 176777
465 670 212280
319 869 380804
386 40 484950
982 268 303033
484 605 763212
392 590 78280
503 467 981681
550 161 453261
732 128 29908
588 385 428044
889 736 720726
593 293 979658
926 883 259417
619 287 340876
468 914 169467
384 150 737782
290 690 694390
305 265 231396
221 108 204866
963 383 341631
468 78 831453
317 744 880815
936 288 88091
409 162 682276
296 777 22925
280 321 28075
568 41 958516
699 771 587563
108 334 400334
854 261 125638
256 186 202683
414 802 134778
296 819 249222
743 85 158812
653 88 131595
34 66 973554
397 395 912973
566 179 411326
631 628 687211
767 755 726837
771 99 560241
913 98 614698
485 334 898479
449 226 161463
28 611 166349
593 737 263545
257 841 846070
470 525 770000
174 765 43785
506 53 461031
969 657 255028
416 503 378331
898 799 224963
486 167 157753
179 6 467582
59 904 416238
775 584 934979
438 782 999172
466 211 849801
123 715 177477
889 945 540987
95 112 968124
730 565 359711
611 779 223799
99 356 759641
25 301 472802
386 556 524584
436 306 555314
930 413 628059
811 413 971227
949 469 862649
655 452 897526
879 360 83444
98 262 44366
192 114 430481
301 472 583717
683 250 535894
511 525 701527
779 367 727195
411 987 318435
163 610 756954
471 1 94169
513 319 940951
36 336 15546
770 519 43556
400 743 989690
916 512 403339
544 236 855483
36 309 983331
799 815 602925
67 80 545404
257 881 211781
6 765 28775
560 680 187626
519 957 980512
439 146 535725
120 140 209349
251 221 595962
786 494 531517
371 748 394209
393 251 159737
983 64 706764
610 539 823169
563 178 288748
304 826 133412
938 266 379407
749 279 961107
577 586 105679
547 915 988340
566 710 140801
883 390 60022
284 106 945481
224 406 499261
895 1 671011
101 650 899987
75 654 454725
61 421 737917
175 530 43688
274 428 288144
155 707 342625
839 851 245118
989 844 333200
196 851 86092
490 401 441486
71 468 302088
459 627 399576
984 195 500313
658 343 148301
765 802 607499
243 66 647140
112 878 813510
105 210 588472
164 701 802058
472 137 796424
86 294 375480
17 980 694657
358 538 760398
792 180 452450
627 525 204891
677 784 754866
642 487 47350
992 4 108256
332 217 601047
580 305 858107
90 517 430625
714 39 347701
283 392 914304
905 915 989546
676 959 407458
247 253 66191
5 759 973377
158 742 104460
435 756 951478
517 569 201154
920 40 784309
613 578 748902
430 197 973808
246 237 53749
950 107 847879
275 877 74758
476 579 768001
141 205 759887
626 495 965230
847 81 763006
429 723 71428
343 170 58172
406 228 488600
14 163 493114
129 886 856265
931 847 425122
803 369 905467
793 359 61249
531 514 811103
905 656 262160
374 86 268328
885 670 997491
571 15 115754
261 494 154263
388 314 722187
926 605 184695
909 572 791841
521 609 489625
682 349 150146
324 562 155637
714 140 93716
222 203 761879
768 828 931312
459 553 304684
907 614 585108
634 28 867922
185 553 734180
86 648 767772
650 498 15061
681 576 792613
147 477 225935
449 783 899260
436 517 69450
966 82 565989
899 74 254686
719 792 539677
203 389 600098
734 698 140796
461 872 508820
187 79 122811
233 34 255857
242 112 969200
786 578 224085
52 709 533934
753 779 800313
918 289 949688
751 63 795299
177 749 606291
615 170 25075
121 130 938531
572 508 236143
402 874 918818
750 462 376928
696 204 727127
228 775 431544
785 384 618050
563 992 613933
991 646 385280
347 96 958916
590 743 242409
631 230 982777
184 279 958472
682 388 616018
752 601 639792
750 998 626046
12 185 3664
511 492 324299
866 562 874908
973 800 946252
410 669 661717
276 341 277165
18 813 800069
699 308 811326
552 754 416086
463 346 226884
848 713 980744
482 879 325574
115 889 457575
466 598 656334
523 734 982728
260 502 852616
170 54 166151
212 516 239733
373 840 697331
389 280 753759
518 321 832770
446 772 759019
814 860 28984
378 577 911390
140 180 909302
68 696 277878
48 282 441894
634 26 473799
454 771 519936
479 688 739947
77 179 470594
899 643 366741
422 783 908599
253 836 358114
503 958 431919
912 67 992321
426 870 627567
351 607 541109
808 628 332781
103 829 255379
361 441 203952
136 988 640777
414 667 347402
716 929 248184
227 102 138662
426 764 610223
987 474 947141
272 497 837039
62 331 267847
951 414 122115
314 674 123899
844 907 39413
258 880 603489
812 397 691489
237 395 1687
437 340 36897
160 262 501643
658 686 510540
27 747 269247
9 700 701378
2 272 669364
166 446 849707
404 394 985340
514 674 887837
691 559 404643
905 199 215628
355 291 212569
888 272 395537
232 721 266521
632 110 152137
426 485 53365
236 952 768219
205 40 912680
398 54 132294
132 696 463404
256 641 28549
942 953 813966
421 712 760893
859 918 225077
176 546 482985
545 91 854313
204 908 903001
975 998 224150
348 578 929849
675 767 102690
797 829 334573
69 264 373980
744 456 24141
420 729 380217
931 33 802219
608 718 766713
455 170 873578
893 329 716393
635 653 934582
673 422 274753
657 306 51576
602 630 367882
806 46 716197
918 514 170693
654 381 321646
362 33 354391
661 35 536512
264 18 762353
468 958 999665
82 524 777723
189 524 586036
670 248 788173
42 206 958093
121 2 939162
217 823 64820
652 939 482573
145 889 137078
431 622 862265
588 448 271503
680 994 282819
94 604 722331
234 610 737823
726 753 242766
476 101 422470
369 593 701636
43 680 92428
149 787 55871
986 291 165577
256 235 382849
97 544 149789
277 360 305799
800 772 610780
213 313 695385
918 104 14423
542 217 314961
545 852 668681
441 513 334725
163 843 53003
881 660 490887
727 994 501190
143 737 308937
384 510 943786
237 191 378375
420 651 59292
654 357 683494
179 779 637111
56 271 648843
107 108 856774
366 625 282968
731 158 7417
383 79 829935
560 37 820109
4 803 671641
843 136 384801
921 88 817799
186 757 715780
102 789 685608
197 990 903745
447 98 754566
47 983 844194
925 946 239664
492 32 762132
823 428 143358
534 602 515539
584 838 790387
839 892 942476
841 868 569914
880 111 812472
895 496 570956
429 368 594284
995 873 771403
473 12 594923
741 690 893868
257 182 937734
794 574 259779
725 576 774989
636 226 14977
717 43 706318
704 584 182126
738 911 565714
82 948 789120
356 74 496066
853 656 759600
634 954 105776
2 901 281708
570 315 306311
226 890 365550
269 902 97586
441 965 233720
593 957 614078
152 216 849400
57 712 117392
174 984 138945
552 186 595158
887 75 806075
601 726 672443
644 488 820098
745 724 772946
960 563 951427
707 547 387588
427 396 24532
700 263 44286
233 706 389596
452 310 116467
97 124 977629
603 357 121784
935 689 59271
90 225 2120
907 608 341703
468 597 82359
905 941 604268
604 526 982421
510 437 905305
772 985 780033
237 742 960454
199 412 716950
751 895 17807
935 957 536134
57 99 989343
343 475 361166
634 453 574586
331 121 76869
110 745 923421
532 659 459608
648 788 37525
225 594 623899
414 135 904246
629 308 687924
236 87 186808
464 886 285080
95 791 80125
488 334 968341
302 769 513512
48 775 48095
658 463 672938
355 54 672263
669 673 400710
831 622 240139
525 962 773658
940 757 401144
510 897 986773
253 930 516529
252 622 672448
469 47 470434
446 144 384763
181 683 139129
562 367 860737
888 687 561977
418 987 105217
975 498 726227
920 511 596280
816 275 815904
408 584 759151
558 661 63823
445 499 345241
349 770 687557
531 962 84756
663 599 836596
769 822 477574
267 612 70837
936 685 902006
718 571 558925
113 388 288868
149 997 844730
741 403 608553
475 241 730337
469 314 857261
238 93 571257
662 229 50251
726 95 840602
483 703 255373
769 734 229999
66 780 839064
71 700 423818
483 581 216234
65 467 806345
347 853 476917
91 13 427374
959 193 301374
731 413 137363
785 880 551407
868 854 301401
199 142 80931
832 743 927375
638 464 992675
885 762 459545
781 309 592187
589 887 653302
662 441 415582
393 197 613022
663 618 86931
359 307 562310
435 472 633845
861 956 42634
95 939 811271
397 68 847779
628 894 560865
869 567 389525
638 678 660584
958 220 70197
837 743 998096
767 65 610228
326 728 657322
436 781 487437
867 545 48712
22 371 824812
313 688 119893
816 641 981808
228 72 263464
109 506 197578
240 171 945927
906 86 389974
509 929 936359
632 22 679789
253 861 764342
312 29 278839
8 768 310929
221 147 649443
411 378 821308
152 511 767873
283 651 524093
13 26 559300
46 718 367056
276 750 283182
752 269 787237
303 196 400583
819 815 827078
655 94 962730
462 1 164526
360 485 805042
679 338 512684
395 82 195165
960 31 500538
508 964 970816
625 100 626686
968 552 750142
641 345 764841
982 577 923897
828 98 895710
1000 606 578075
693 367 591749
739 808 964437
515 396 15279
342 416 311587
280 226 160449
788 801 161912
985 478 194566
268 900 937452
445 454 714994
148 507 669660
288 624 622904
194 557 106304
764 290 399943
261 819 92884
37 378 49810
721 188 965767
650 635 676623
34 309 185398
392 934 223951
903 676 495461
412 811 686400
547 768 714376
330 450 385658
44 333 313923
608 961 975528
51 235 131684
306 535 532234
403 720 495903
708 3 549286
508 396 843379
745 61 332343
387 655 79573
576 626 981579
64 125 554692
33 544 863160
601 6 562743
317 456 124734
916 354 765470
62 419 514215
711 42 350468
793 281 836312
983 706 40400
634 876 45913
998 711 767843
678 161 56816
834 951 151289
842 640 618229
97 325 438750
428 408 280134
936 521 953494
24 779 52918
851 872 737745
804 924 34526
652 477 356605
636 489 796031
38 867 612152
305 205 113797
764 352 213424
814 442 938661
362 112 293543
989 387 954271
305 43 521805
191 444 963143
173 141 613500
157 159 78321
119 608 600437
616 337 679176
418 438 666560
328 375 718117
647 529 198839
852 759 272400
296 995 840021
536 347 918241
510 528 826478
418 693 493933
496 992 608774
591 981 876099
528 652 317534
848 746 345145
683 573 748430
929 955 399433
564 903 359953
934 374 907840
118 288 197508
71 479 978744
181 281 890946
460 530 108971
209 246 746028
666 915 294582
389 239 148011
866 566 392509
523 927 951217
607 280 291122
866 652 421771
629 775 543711
870 230 786673
327 355 21777
78 848 479930
473 185 151781
299 298 885772
502 731 355814
470 913 664873
980 238 191180
759 243 429544
931 647 162205
242 766 692108
590 991 407814
27 137 883410
104 380 517251
393 798 472056
634 528 519925
618 385 338617
375 856 541894
707 254 321511
535 471 68652
396 162 942113
936 627 234538
732 793 702461
598 55 447209
477 315 423976
917 877 754309
926 276 832537
653 756 366778
182 429 829834
91 753 702834
133 966 147227
390 318 952466
518 501 435710
651 150 406324
438 129 531778
935 186 117120
702 542 280450
320 905 310995
411 439 882065
662 243 172470
418 686 573469
123 102 693414
992 430 880056
103 117 107996
902 211 569770
443 557 445021
300 626 933718
756 360 126970
732 49 349964
566 434 979652
645 914 331022
323 819 17655
829 970 691242
530 226 710974
124 324 344590
757 310 902271
904 203 425963
953 266 254629
796 914 70160
421 7 459432
947 5 575066
408 180 881285
346 312 476096
977 76 664018
104 912 675504
838 154 883960
163 664 573061
253 847 6244
490 659 609204
267 733 482324
41 3 136736
81 915 959359
510 297 137392
85 235 159576
324 33 187524
826 797 574165
939 404 34032
687 790 963099
260 58 947085
126 786 780405
245 267 344787
168 141 508843
480 766 590897
967 227 140685
665 211 24505
730 93 650872
577 810 447143
813 533 335442
67 665 489254
989 746 406503
445 663 696039
415 996 264344
448 330 342244
284 940 761848
227 175 490051
817 208 272428
846 484 708876
129 405 226741
967 265 529322
230 976 37919
517 267 17994
228 641 212577
491 835 560462
677 485 124079
867 68 764431
706 273 484060
669 369 580655
431 540 454581
637 423 834299
514 998 793213
693 929 676931
664 849 34477
471 648 146216
202 96 397640
760 76 357781
82 323 783604
922 821 855320
413 347 824892
73 969 757662
945 94 889853
516 839 994219
253 784 643562
515 96 791766
219 24 140957
349 185 869421
590 401 208897
686 675 41698
112 447 831948
883 436 726941
559 884 771638
17 37 933409
16 976 158658
529 169 341440
993 967 625546
787 457 958764
442 651 137796
744 6 578939
523 952 773684
96 454 957456
133 64 152928
20 774 807599
591 327 247174
147 266 39033
661 131 668128
886 664 857986
491 954 748429
808 137 85251
778 212 231330
436 813 424062
997 514 156845
150 863 898424
7 300 404359
211 890 469576
56 156 174873
107 691 116383
144 228 583209
756 738 917055
574 376 415223
535 941 126938
617 106 628156
401 755 781286
34 220 147229
11 465 476301
852 988 828189
430 441 782520
565 505 968331
741 194 871706
639 202 40542
961 499 731878
154 186 684287
565 825 791884
842 199 474237
646 567 560716
424 520 929053
8 545 149172
311 417 374878
635 378 753826
600 30 723798
208 145 727353
737 534 246972
127 322 460468
662 112 354986
474 676 286660
931 140 260013
671 810 343509
255 109 823706
131 130 385898
937 786 427387
1 481 176668
909 790 42042
915 23 138241
706 380 345818
542 537 869078
797 876 724892
481 333 627158
653 816 767516
739 111 515062
69 402 818288
56 188 383443
661 709 280430
754 493 936978
549 99 96975
471 593 792226
586 94 824291
392 808 592701
318 363 687705
729 194 392916
407 280 28759
276 350 178796
872 219 53926
350 758 887853
923 559 292156
426 236 184168
114 240 763952
207 644 610882
478 600 318082
410 3 798468
223 445 20611
101 802 760364
818 199 510584
955 7 146053
353 535 911026
270 99 628745
830 928 267441
904 814 745412
708 479 838293
123 601 31776
245 897 352672
341 627 340940
456 583 824702
970 725 955730
34 824 532622
736 325 248329
558 709 800575
225 262 10067
191 85 725122
724 932 404678
188 323 22702
80 425 202647
502 983 233139
376 617 453686
574 715 804498
986 397 614421
390 862 338443
707 912 104692
821 692 463251
580 608 375655
384 420 795090
934 35 877489
949 730 344085
200 110 176189
812 632 898276
421 19 678235
92 808 684204
785 843 255765
25 829 73231
766 366 202008
371 245 818224
30 864 796148
815 770 878950
278 296 127541
246 62 357840
562 671 861745
399 787 387141
40 30 970002
31 486 19953
134 270 678348
294 473 507303
695 231 705295
46 585 726887
335 161 452111
900 978 646120
179 415 408868
167 795 657082
735 499 445181
383 190 524512
896 602 481426
248 164 496667
859 73 89166
532 619 192103
863 147 862420
161 451 665433
995 112 341017
385 613 94357
553 670 191048
52 51 222799
882 704 444624
546 329 232404
712 335 576078
940 629 577828
431 748 399398
374 559 646979
88 831 865267
320 774 417541
261 886 425787
23 255 816808
249 4 896520
25 806 448936
469 165 984702
786 695 678503
773 748 180307
556 757 266781
597 393 408814
772 32 682797
521 567 417167
311 221 870698
605 909 206156
955 348 667379
321 304 392101
459 598 102511
884 701 507261
28 196 790046
69 688 211298
332 691 874322
793 496 374340
269 187 239784
367 548 146351
115 921 355051
607 785 675047
723 377 113728
645 925 256897
338 886 449851
198 37 110569
298 673 998519
352 138 965406
966 207 87106
874 698 191194
583 463 870713
670 603 772905
520 898 488650
966 463 287029
667 186 226644
740 464 216317
856 131 783500
636 310 624898
544 734 241182
452 949 805524
843 560 476918
294 181 506504
10 384 814528
35 127 370117
108 16 129977
444 971 440373
498 989 627466
930 440 572243
347 309 282653
533 973 411186
697 350 689170
234 3 143953
641 710 691427
275 80 374617
240 41 963961
289 696 220133
224 228 749221
980 592 276710
241 213 653055
505 522 518919
379 716 481993
103 113 732621
194 991 61254
701 51 887370
759 234 750599
974 876 37551
122 555 189894
326 511 33865
374 76 450425
270 926 174795
21 914 409613
400 916 301441
183 296 150839
582 81 55997
266 119 536732
169 850 374110
721 805 34587
727 845 392293
537 34 285040
687 136 582362
288 239 534276
904 328 354745
659 81 541183
359 409 771310
132 245 394317
972 871 111556
155 790 373104
103 406 864679
818 795 310228
216 906 791281
121 714 877344
614 251 110486
33 504 642184
555 887 256601
234 366 431267
476 478 897067
486 68 901041
286 495 528339
801 573 310378
147 833 782387
861 837 370909
432 256 638671
165 728 169744
195 126 218147
861 605 230912
29 461 457458
151 696 701499
400 90 936829
488 799 158669
555 537 202158
761 490 444828
305 96 288487
622 130 945226
769 942 704975
486 153 125693
720 712 262126
660 523 83547
904 758 501093
676 761 686822
122 771 408805
414 743 935444
591 621 957965
495 754 529509
54 142 741670
687 256 670143
157 757 943665
744 588 690473
741 697 529774
177 753 994248
220 741 838192
100 39 49433
905 59 782361
14 43 27227
919 873 755721
628 880 916880
878 83 664252
704 470 130353
489 81 119301
19 518 903367
699 11 986749
948 89 609560
35 877 246843
302 791 569120
430 780 882740
474 551 497009
866 24 299618
238 27 294689
888 222 412302
349 314 809631
40 821 835418
10 800 429676
386 96 564896
977 947 942286
749 299 510145
918 166 578347
464 625 816101
570 907 664639
89 887 627202
943 809 493522
76 916 824402
73 575 160185
60 45 69241
753 825 942218
66 96 552939
929 779 883293
734 613 190405
457 723 139737
72 344 119792
265 712 434045
146 133 928743
534 267 901799
887 100 897017
24 299 452541
459 71 757351
524 594 789506
183 411 336613
548 182 995502
479 997 921984
206 116 251603
200 920 246042
86 313 829351
749 26 598935
156 868 320850
261 639 311911
440 623 761663
36 704 720301
337 519 969735
877 781 6495
433 735 568447
482 770 203704
490 739 218569
355 887 763721
479 774 866847
965 589 167589
585 351 144090
952 486 439491
522 937 32363
630 753 875536
871 301 762396
186 832 609031
252 917 987234
764 730 500479
478 24 673068
707 972 624988
803 776 567054
354 137 596922
149 223 683461
171 262 419722
835 705 706
679 151 732001
227 239 331702
580 727 977581
789 931 181664
201 241 69868
71 656 182159
71 695 414152
555 36 647663
230 782 921801
902 138 671980
631 600 826169
206 983 290588
601 780 657803
712 530 290103
818 295 410130
945 722 942535
570 290 700903
84 429 518877
540 923 9832
45 968 770795
607 383 474723
640 271 424749
734 406 910531
951 709 809520
28 641 963935
564 39 616311
52 38 62200
465 459 555756
459 901 681740
148 645 871521
491 338 566144
521 280 338115
414 882 499926
503 641 343271
756 536 919986
310 584 188347
469 373 149488
905 384 380140
976 615 178637
911 923 16202
134 635 249061
383 245 623575
257 861 648772
