99
84 73 457748
83 17 182562
78 75 37813
16 98 714777
36 86 448425
67 51 957922
44 48 858066
30 52 483469
76 2 285103
52 67 457662
32 90 907081
80 11 514104
39 87 947618
4 57 310148
23 13 326839
11 58 714715
27 59 644113
87 76 415220
45 54 658700
43 40 814504
60 16 752421
28 95 498844
71 60 990257
93 44 675571
34 49 944627
90 4 664521
59 45 607352
53 61 43662
75 39 190652
24 35 822596
64 31 116671
26 28 681190
42 63 184957
14 36 65436
46 10 22067
25 79 807319
82 8 392421
17 78 355122
10 96 787721
91 55 983556
89 56 626565
88 82 869841
33 38 55877
58 65 922452
99 47 390676
3 23 570625
8 21 215675
95 25 119179
54 12 289102
72 6 699331
48 30 640507
57 26 101120
85 93 127078
49 69 80331
41 66 959611
69 42 716331
62 29 176746
12 89 475491
92 41 646957
13 83 626656
73 64 819352
63 46 378021
21 15 281000
35 91 220690
38 77 387629
7 24 643344
86 100 815867
50 72 471587
100 81 146685
51 7 491275
98 19 942691
94 34 725211
22 37 302178
61 68 612594
56 84 59558
6 20 628361
77 22 602331
40 74 590363
55 43 107753
37 27 102821
20 92 870418
18 97 258753
79 14 553060
9 88 358851
81 85 828305
66 33 685645
15 50 420485
31 3 18568
65 9 533279
5 53 324016
47 71 202599
68 80 219108
1 70 603499
19 62 856953
29 5 818402
96 18 157484
70 32 382714
97 99 369810
74 94 343366
