102
3 67 93361
43 65 170437
93 96 199191
96 57 600417
90 86 577495
74 98 672000
25 48 324572
34 46 838773
35 34 339260
54 88 971414
24 89 237394
64 13 403397
12 16 822673
77 62 14582
9 80 821843
95 76 238117
38 42 383845
50 35 145655
51 3 322569
73 77 373672
5 55 575131
52 87 405136
56 49 999615
41 20 243463
80 69 384231
89 58 746939
4 74 595724
99 52 876774
82 51 473659
32 14 407096
39 100 251334
31 43 149794
59 23 564022
1 8 624186
68 28 722504
100 64 496145
18 22 266305
88 71 212231
63 70 410540
22 53 672192
8 7 912820
44 45 752484
57 26 683736
72 90 177833
66 63 428201
33 94 656161
27 84 42785
10 12 771429
75 37 503135
67 30 25172
84 92 435408
14 61 68276
42 99 83613
46 63 821567
37 18 472036
98 44 702633
21 75 901001
6 21 565261
28 95 581009
86 41 381348
17 6 86901
97 50 492470
65 72 825615
5 94 824071
76 47 415977
11 73 447151
19 68 401364
23 19 442550
29 33 498006
62 25 31072
69 36 268864
71 7 795550
60 29 201257
45 5 254327
16 9 56449
83 97 118736
36 82 214083
48 32 944986
79 38 515936
92 15 4616
53 91 72638
66 59 325454
26 85 502875
81 4 454907
49 81 546377
8 79 11888
85 24 916872
13 11 189990
87 78 687023
78 39 826406
55 66 279784
30 31 838648
20 27 366918
15 2 967246
61 56 938414
91 60 723787
7 83 339834
40 54 610967
58 10 980527
47 40 367227
70 17 219319
94 93 717681
