2000
56 23 159832
10 54 928849
5 70 770137
50 81 689818
49 54 310501
11 78 73682
100 21 709775
90 31 896336
49 97 315583
2 62 145996
91 72 581309
55 75 313776
73 51 323165
16 41 379100
10 63 545224
69 78 546612
98 55 789051
58 84 170340
9 48 42224
49 62 362228
68 22 152922
30 60 174472
45 39 846065
72 7 92567
85 57 657719
2 50 536731
54 29 799192
78 1 876937
65 60 497730
49 93 744753
24 22 55098
53 84 741270
55 75 763504
14 70 163856
28 72 545321
80 13 318115
40 100 419602
11 39 99702
2 50 572967
66 88 30883
67 73 443769
75 43 270141
56 96 348208
66 78 266154
50 12 918807
27 36 448259
11 29 11542
83 97 551236
38 84 933418
19 6 34182
30 29 743194
10 20 569571
8 81 757348
65 78 364456
78 7 412352
78 34 96631
64 72 83892
88 70 680974
2 36 774419
91 21 33156
50 14 41009
14 93 603273
82 84 265437
13 57 580498
76 25 74568
84 41 479867
88 6 466611
96 36 64504
94 67 864382
18 33 214975
75 16 84287
78 6 676148
24 56 40579
87 63 822494
5 47 509841
48 36 226287
3 96 497740
66 90 761613
44 48 560985
38 51 413251
62 79 198087
44 90 148593
33 82 682051
63 99 849721
98 63 581825
86 36 385617
15 6 348047
42 38 710927
26 71 356019
7 1 690777
64 97 981473
90 6 979909
59 47 379326
35 73 463935
2 11 176655
59 55 544998
66 67 114064
40 69 953637
44 81 402558
19 33 673041
30 31 792825
26 51 993863
66 84 634121
18 95 835017
5 60 461252
100 15 73736
64 57 903659
15 75 337790
80 45 431312
69 43 560656
98 93 309978
70 81 643081
2 95 66230
45 22 86782
87 26 749508
93 60 572446
39 99 192784
24 13 476767
90 84 578744
22 99 892523
94 73 145619
5 12 715155
53 1 748596
38 31 794746
69 34 447935
85 44 505
26 38 254608
88 89 341584
38 89 326880
13 95 951299
49 20 501335
10 81 702121
10 84 250088
69 32 522668
2 68 365620
96 70 491013
2 43 160569
96 22 277923
24 51 903197
77 43 618542
40 56 699059
53 82 456533
22 25 889884
56 19 243456
90 81 183553
62 19 951299
66 22 724175
38 21 880919
92 1 379442
66 72 566751
96 97 643712
84 21 702497
2 31 833048
26 53 638860
76 28 960843
65 92 664799
20 21 972150
24 70 975852
4 82 395675
88 68 197490
5 98 206156
68 99 215933
5 92 303605
83 44 993064
46 36 661417
18 93 435420
73 84 61392
59 41 497525
54 36 859810
94 79 740066
3 48 223005
6 21 201036
64 67 877317
65 98 742934
27 11 75555
85 80 477438
61 53 123418
5 46 757423
55 14 937704
65 34 168691
2 77 951979
92 41 216459
44 93 619046
93 53 362277
8 86 282801
40 18 998299
62 32 902049
3 69 386082
27 63 590080
88 82 571053
92 89 324794
90 42 411283
24 72 450098
68 82 181303
78 99 987472
49 93 339497
2 81 648157
69 50 10370
34 21 651817
19 33 654665
74 72 507861
49 21 886313
46 72 474412
82 57 796426
25 84 337622
49 73 608112
50 52 820951
33 57 192657
14 93 671585
65 56 249562
80 34 409524
75 22 265890
27 68 680376
40 55 860832
79 99 942438
100 77 313037
82 51 403758
8 39 395076
5 36 728800
39 82 449774
39 1 542009
9 81 891341
8 19 903014
17 39 472479
10 70 617000
18 36 47670
20 47 129117
70 99 554261
62 94 793177
96 84 260457
96 72 607099
55 21 695421
83 47 655169
8 14 12899
2 57 19677
87 68 947518
18 9 820191
55 98 281079
66 6 314954
18 26 966657
68 37 153183
66 36 275968
50 42 572160
17 32 27539
65 17 487657
33 41 57003
18 65 59800
5 97 195796
94 89 861229
44 15 378695
81 1 183513
24 74 4165
33 21 488649
25 89 895468
9 22 581706
83 51 222698
36 74 728622
83 63 465389
87 90 136502
70 37 634775
44 28 271374
39 79 969778
18 55 632987
71 97 227594
44 48 660557
8 47 8335
5 71 453858
19 29 172414
9 68 738508
35 2 14429
56 4 43013
83 44 100064
71 95 837929
30 36 772488
80 37 554887
34 51 497205
4 79 181695
36 21 351362
71 53 836365
92 74 93653
3 79 954212
26 61 877058
94 20 517122
33 29 544957
8 21 829580
99 41 855574
27 15 152982
44 69 66554
17 92 914158
94 10 212139
8 56 412986
34 84 281876
69 89 12665
61 23 221423
35 23 276962
24 65 297257
13 34 321189
93 63 324203
94 71 362436
47 79 933551
11 88 234127
57 79 532606
76 91 852687
71 100 11249
100 84 542274
3 15 60119
2 80 561924
15 4 803634
83 70 984065
15 91 795567
73 16 543039
27 89 169418
10 22 194334
93 43 721564
28 1 494029
53 84 173318
48 51 83397
57 84 633419
69 76 281209
64 9 909174
35 70 104207
49 20 400227
26 89 141804
28 33 325095
97 7 926418
48 97 609523
18 37 890146
33 47 228980
75 4 816524
40 89 487326
38 25 522776
48 74 726501
71 31 429991
97 29 336850
93 4 600559
13 50 218016
98 93 286050
13 50 822968
62 57 791317
56 92 831177
59 61 710682
59 41 119121
18 40 598335
54 81 471612
20 73 231853
82 51 95886
39 97 884466
40 33 384324
40 88 144050
26 79 652125
32 82 91506
17 47 319678
75 4 259932
24 16 739191
11 15 491607
97 72 586195
30 45 606165
79 84 357909
83 52 943249
3 48 878161
49 64 557130
46 14 972118
21 16 817174
83 8 435162
95 74 280075
57 16 566174
45 91 480601
65 93 917804
69 68 538019
94 62 903921
44 70 724169
53 4 449142
32 89 251889
35 87 189721
62 8 999877
62 19 304539
92 75 291776
49 54 383857
64 87 414052
28 88 334317
54 70 866943
12 33 879522
64 3 556709
9 16 665759
59 5 543061
42 25 573115
24 69 856597
66 37 140676
65 67 710430
33 58 91252
66 56 438472
18 34 136547
18 27 997063
87 92 191210
53 89 276676
19 33 368281
24 91 989157
91 36 572714
97 79 211552
43 7 761148
55 73 297400
86 58 808914
78 31 937167
99 84 201259
52 100 960886
46 45 785694
73 39 490357
13 54 866506
49 68 649308
62 60 416455
15 39 325215
57 6 871316
13 87 833467
42 4 416865
56 32 780038
46 28 571515
62 37 768339
80 52 965636
94 58 719111
100 7 286523
11 37 77976
87 51 13543
57 23 309794
85 94 19671
40 92 43472
20 60 158504
9 14 748536
95 21 79963
4 7 245109
85 4 97778
69 78 662140
86 57 368235
9 1 780806
33 61 820428
80 50 237827
100 84 695430
50 97 966580
8 65 756640
71 74 822232
65 12 599393
18 20 814474
37 84 530049
11 15 642611
13 43 585378
64 46 696716
11 60 20400
24 77 578243
69 74 622212
86 43 285379
96 32 209034
37 95 473343
65 96 642658
33 51 371797
67 45 495813
13 99 770574
3 1 933351
54 93 412480
40 91 389341
89 60 4653
80 60 927363
70 77 406135
61 77 11907
13 3 475032
9 46 531030
93 6 706264
2 82 771399
9 93 470273
92 31 265616
40 90 97548
48 25 626218
10 33 600748
97 41 154548
85 97 269993
80 58 271244
20 15 993015
34 42 591485
64 56 794385
26 39 578011
50 28 380702
40 33 549180
27 41 258339
4 23 854655
46 26 602412
74 16 201678
85 10 254698
30 70 752309
80 13 499791
50 12 132579
51 74 208044
48 53 507654
56 68 255257
12 29 302971
17 61 499846
54 29 11948
35 100 666633
32 89 123789
84 81 3509
24 23 462103
46 32 344219
66 57 845766
64 40 476882
3 12 62015
49 66 918167
70 61 623680
26 41 107245
12 60 453709
22 97 497185
66 69 928138
55 63 945588
66 57 882694
3 79 137340
85 18 874815
59 22 46612
55 34 351320
19 95 8143
84 43 782077
73 82 973351
42 60 123876
10 92 293100
63 72 518262
27 61 169352
40 51 117013
69 14 668007
48 23 224915
48 37 711083
12 84 778210
83 61 177809
49 39 671437
13 80 381743
30 35 9566
48 63 727216
20 55 841141
24 19 329695
85 21 88175
78 79 857202
76 19 144345
78 77 340414
95 29 544971
94 33 95203
28 37 925606
98 69 130866
64 39 159263
88 86 639460
20 9 488259
62 24 514184
22 31 120654
38 47 399990
8 14 69991
94 100 419729
42 81 474310
40 15 288674
74 84 100539
49 21 230573
44 82 40364
66 22 426419
29 72 745237
33 48 717700
67 93 948458
11 95 878463
45 1 156082
85 49 624582
67 86 527171
30 75 695877
33 51 574753
59 9 722162
62 33 236960
68 77 446711
85 68 292162
69 63 150647
100 7 449439
61 57 641969
64 71 10571
93 81 871692
72 43 926403
8 97 965558
49 19 211159
8 95 574473
19 31 93789
3 65 349686
65 93 540752
20 91 414706
25 97 971579
3 71 192854
8 55 56583
67 74 73606
26 74 579231
18 46 699101
87 9 477306
100 32 986359
61 32 246689
73 34 806076
67 92 696501
85 39 524531
98 14 31625
38 84 654142
41 16 85668
53 47 904098
68 4 785108
92 29 290449
66 93 371542
59 16 351181
29 74 753088
71 6 903772
63 60 638967
87 36 768029
2 7 231345
4 97 984479
10 34 341464
2 36 148403
44 42 467892
24 69 8645
52 34 330088
48 84 979920
17 68 332206
79 29 215858
8 76 409637
46 50 852337
64 66 762401
20 50 344648
58 77 83595
5 96 847828
52 71 831613
28 37 399938
98 26 879115
58 32 780127
66 90 247317
17 93 715071
44 41 667460
76 74 782707
3 82 887208
98 11 608996
63 23 552503
87 32 792767
29 16 680498
24 8 12205
12 32 458543
2 18 617937
17 58 998014
54 88 916197
65 90 547555
30 44 396652
42 51 792650
64 85 214080
2 34 797848
56 42 904012
44 31 579729
85 93 300139
71 79 949206
13 4 40897
15 88 203512
10 81 608229
63 74 282257
45 92 412360
28 32 981220
9 68 103708
3 84 392845
50 53 180927
66 53 647919
96 6 240670
15 74 495423
98 23 42724
69 6 603396
87 32 624999
47 41 100787
54 93 503596
65 71 283920
100 84 338890
12 97 306733
67 1 698291
44 68 100101
91 61 92297
21 43 555388
77 51 242966
98 33 88121
76 54 709481
5 13 227908
5 88 256759
8 87 38755
44 96 220268
8 95 824489
75 22 236206
2 66 744863
50 51 545866
76 88 88836
35 83 970190
80 93 491321
10 9 783284
90 39 700425
50 68 202269
52 50 195471
45 78 967769
16 21 187006
27 65 631451
59 90 746918
9 33 233204
19 12 802245
23 31 989923
10 98 297111
45 28 378613
98 61 994049
5 95 443695
36 43 237802
11 12 240479
94 41 405110
73 74 948181
59 72 602924
91 84 441299
88 95 173636
17 93 446819
33 37 872863
76 31 291866
26 95 13192
64 8 703095
12 39 700655
92 28 58167
62 33 399116
66 81 171602
42 68 47229
67 42 651652
3 53 868799
69 23 695994
37 4 88881
52 97 958367
83 20 74684
12 1 645564
63 74 102457
34 21 507241
15 91 854755
42 82 97204
98 4 356061
70 82 936743
75 1 453178
40 50 246695
59 9 575638
35 8 363000
84 43 818761
49 7 980225
49 73 920296
98 44 631752
28 16 317418
85 29 963403
9 45 530664
2 87 344594
3 89 735767
30 9 856229
62 12 156974
24 52 323524
54 48 422151
58 1 371250
18 9 433943
98 53 90455
3 96 836308
22 89 113212
18 3 214102
82 43 440342
10 19 491495
8 14 78715
8 16 950118
8 28 800100
65 92 4695
56 74 984158
69 73 295155
58 60 133951
10 99 995985
46 74 585703
67 22 317975
62 75 175508
98 22 27779
48 6 979349
28 23 295098
71 37 472922
63 91 875745
45 34 970452
40 11 687275
67 76 139705
5 78 780430
20 63 455497
56 73 588257
52 79 30575
18 28 360376
20 1 245371
53 82 890613
8 14 982835
35 62 407211
28 68 713875
24 86 923846
74 1 616889
20 65 952942
18 44 713430
85 5 1265
77 89 593439
62 79 409251
44 12 880227
38 37 823183
35 32 708928
80 48 206192
92 68 437708
72 84 350178
67 7 434742
55 76 26626
55 17 815430
2 86 316250
69 86 780029
95 58 275598
75 22 294146
20 70 581853
52 45 520132
49 46 252558
30 99 779806
35 50 682094
64 57 770451
37 7 762454
70 43 726233
28 1 585869
24 28 781045
20 76 837055
34 38 196342
81 60 518206
10 67 978395
27 89 812998
2 36 763451
54 57 323924
2 5 850951
83 14 413677
27 96 113959
80 8 751237
66 95 545791
82 25 739635
45 21 654073
10 31 526212
76 41 879993
62 44 453147
13 50 367304
78 19 760306
65 86 642309
40 20 706227
3 26 398519
67 58 154613
33 21 893293
26 63 410750
66 20 781268
64 95 868896
11 36 770244
59 37 175137
85 25 955128
98 28 508454
24 44 910579
85 97 983053
44 34 591457
18 49 783681
49 71 620157
54 88 160625
54 6 259100
45 75 407044
52 99 150885
14 97 245179
20 41 883936
2 92 360524
86 77 454669
83 78 563338
20 21 115550
20 53 770503
83 82 674456
6 21 800604
3 27 386085
80 52 523260
69 17 264809
93 6 159632
22 47 685406
73 33 235468
37 22 734915
55 58 111248
10 61 712248
53 57 638443
75 29 26037
3 97 180344
54 48 860563
46 44 941873
45 81 487261
53 6 480563
83 27 533105
95 1 444840
71 90 770967
88 79 674309
59 23 287109
46 29 578563
76 22 372268
54 88 564601
17 57 846611
68 91 755389
50 36 523092
55 46 459218
8 26 232221
27 71 121385
2 97 430463
32 23 84106
80 92 446576
59 16 349309
90 100 412330
18 22 529569
8 12 835953
10 72 774174
64 43 983719
66 13 109616
85 64 155652
32 91 211964
1 43 298329
28 68 443115
95 47 304066
37 68 903943
50 75 183901
28 78 960324
28 78 394460
2 19 887827
83 1 216987
52 57 803225
38 29 671519
46 28 412091
73 74 714049
62 42 396811
44 27 947847
30 7 259594
25 84 295130
66 28 142010
96 29 205578
83 89 869135
46 19 986501
51 41 880982
56 97 413180
34 63 755388
76 28 860059
45 16 188719
87 51 662471
44 95 74875
10 97 285559
35 74 984876
38 79 457261
77 99 566290
19 36 950756
66 87 553231
56 58 756065
93 60 672626
20 44 34708
85 96 984005
55 93 227357
68 74 858013
42 22 699879
3 16 823600
65 61 354799
98 50 765852
46 38 427144
14 51 281761
22 77 889705
44 34 188077
51 41 152066
94 52 374975
35 68 412591
75 25 132974
64 73 679314
30 79 206240
54 31 114963
80 36 144211
64 50 830013
100 21 418563
36 41 661888
8 36 410826
46 67 168693
4 81 272457
32 99 811016
7 21 59956
61 36 23663
45 70 637092
96 100 112003
71 88 313341
83 29 639330
20 15 501127
28 4 461899
13 100 67803
53 58 368310
76 86 930112
59 86 990780
24 61 751364
38 84 106510
11 47 718469
40 52 548592
9 60 820631
71 22 2025
69 14 501543
88 42 642105
55 15 582798
65 34 324795
61 6 901761
13 15 523039
6 81 807304
63 77 218203
80 74 428225
10 81 208861
9 4 659404
46 92 928318
80 79 441843
15 36 51941
85 29 620279
80 44 155599
64 70 537162
3 47 627809
94 82 848622
94 12 379793
49 68 502176
71 51 535520
78 37 704926
74 72 957997
55 84 389488
17 79 168969
83 93 906450
49 99 407753
50 71 397274
36 60 736052
35 45 858511
64 24 579138
83 16 482612
96 14 811647
30 87 986683
4 53 266510
67 23 338492
75 79 71823
47 41 474759
77 36 2936
19 33 690773
25 51 361107
64 94 306215
30 88 901099
92 74 313633
71 95 363901
96 25 777075
50 92 519537
30 96 296340
85 12 778504
87 79 377757
71 60 626238
13 16 684380
89 1 17868
24 5 996359
28 38 408789
64 13 699213
18 92 177915
73 84 173592
37 16 437764
28 74 229308
89 51 825739
24 55 692684
28 61 945799
78 33 980559
71 63 780179
75 74 544897
87 90 601658
20 81 924102
44 28 332126
71 92 848843
20 27 967717
12 79 899253
52 74 838581
79 41 919380
18 36 841750
64 23 314037
46 39 93403
49 38 621066
41 16 565132
57 77 573554
13 41 134072
83 13 318632
9 53 578402
55 52 454576
38 36 181413
10 54 664741
64 75 770110
50 61 292165
89 6 704519
25 43 229251
56 39 635390
34 68 45408
30 78 484050
19 21 390882
38 72 604848
55 32 714117
94 76 323449
93 75 137889
2 44 825879
13 66 140092
58 29 952997
35 24 585747
80 12 768166
66 16 321096
83 38 580387
2 96 132103
24 100 960418
50 95 189019
63 89 684954
64 86 440512
32 99 795676
40 48 507804
70 16 778851
31 23 786927
92 88 342482
5 33 769433
39 73 355821
66 39 291014
64 80 418006
83 82 702352
14 51 283865
76 74 202827
10 8 322251
75 63 458136
80 78 168733
52 36 654679
77 1 311547
44 99 812954
65 84 790235
28 82 874894
28 53 681725
2 38 286826
18 32 794920
52 31 838744
96 95 162695
17 38 165888
30 47 320489
93 4 373271
23 21 800750
85 21 338079
12 58 133562
99 60 902458
80 8 108045
30 63 342581
40 13 92019
24 10 565204
88 51 829447
85 65 8279
18 9 306547
56 7 269994
26 88 690544
11 73 212261
5 25 226359
37 63 424937
24 43 36965
81 16 303210
80 50 614631
2 53 97934
54 29 551056
12 33 636862
14 69 145543
17 58 105174
17 29 238719
20 79 773576
19 78 476570
87 65 517863
87 66 165711
18 91 738860
11 91 142918
69 6 953176
55 74 984809
55 75 660464
83 77 891208
95 63 800762
45 78 697401
95 89 814180
100 90 775778
24 37 196947
66 34 688485
24 33 574356
52 68 651568
64 10 303350
24 86 669846
76 82 594781
90 47 920904
2 62 345868
35 5 162346
5 16 186956
95 57 897715
85 33 119070
56 45 616589
56 45 843253
42 34 906677
55 81 863857
83 99 565850
59 29 171299
68 81 973049
64 4 164082
48 82 99483
24 17 826854
66 41 556772
81 41 179826
72 1 351988
69 15 18065
27 38 740438
24 34 791716
93 29 922272
45 29 821289
44 32 952382
15 47 369506
62 73 897056
26 32 191791
62 43 183109
33 91 874565
94 95 802253
8 16 87742
31 41 887295
51 36 400130
89 25 620484
20 98 590784
70 53 86682
65 38 664409
30 53 51695
68 36 689807
96 90 580781
65 56 779426
38 1 952476
56 17 823703
85 12 75092
53 89 668344
65 68 889059
24 40 191484
80 5 727525
80 13 655759
25 99 46147
34 57 826361
64 71 447027
46 54 926419
46 70 954334
71 73 699619
24 16 871255
2 79 95319
48 6 613013
80 15 413542
66 41 585376
31 1 589194
44 78 397458
3 41 213408
24 9 232396
33 61 260900
98 57 69606
44 38 623019
95 51 339775
28 45 951249
10 97 283587
2 81 831169
52 73 251296
53 21 522623
96 77 491492
54 86 593237
58 41 924031
71 61 31787
88 97 844589
56 1 428155
33 77 551727
78 58 123463
57 36 314066
2 34 780268
38 36 46345
58 7 84473
85 5 282277
90 53 803766
57 1 653205
56 63 765381
48 72 879506
49 31 161300
98 93 174922
91 4 60239
44 75 773273
11 34 474765
14 90 466516
65 100 841961
8 95 930729
2 1 597874
70 61 583540
88 34 231958
49 17 677214
10 51 441797
48 43 533201
16 43 579934
76 67 983805
64 88 587440
5 42 577516
40 33 609456
83 16 714616
85 3 29613
38 72 29744
2 68 312660
69 38 152993
27 75 555648
5 41 256784
90 16 818107
9 84 898048
73 95 167154
44 36 998192
49 33 393220
35 44 524814
85 86 425208
33 23 730695
2 73 228868
48 34 171756
56 21 907506
97 6 732126
45 67 251933
10 84 2244
5 88 184803
3 47 65005
80 84 543024
58 4 58708
79 77 717700
56 38 570231
99 29 865328
95 74 617863
14 79 442943
82 47 795761
45 39 509181
34 81 587693
74 1 271029
86 7 666607
28 77 999306
84 21 951393
62 59 337726
63 91 957589
55 12 336714
64 68 582082
96 60 979556
3 57 753054
33 91 850625
67 86 161583
18 79 107590
55 1 894966
86 15 243184
85 9 579618
11 61 618249
40 12 680262
7 43 305860
28 57 755296
8 48 848475
63 53 628618
87 14 7962
69 68 587995
56 6 729486
59 8 676019
76 74 985731
70 61 492308
62 47 857156
30 42 583980
18 92 430847
85 45 811182
87 47 828710
27 82 761775
59 58 611206
40 17 886022
28 68 689127
54 73 418319
96 90 409933
53 21 614943
11 95 762203
64 56 771181
67 41 166024
75 21 52837
66 95 217487
14 60 949759
9 42 137035
62 89 919634
85 4 318918
87 39 355123
48 91 547953
94 90 726207
35 14 648743
66 47 527293
27 74 309165
18 88 389013
23 6 747242
62 67 969763
33 1 731338
39 21 278052
80 50 577183
14 86 352722
13 36 649264
71 89 856825
87 93 100547
12 91 273143
94 38 739097
9 1 278426
79 51 712954
8 20 858618
46 48 747002
69 39 20608
89 29 12267
95 25 187220
56 78 735566
69 34 916387
64 46 999564
64 20 281765
19 97 182368
17 38 130912
87 32 665263
33 91 802333
59 44 368773
18 36 523526
32 16 860358
80 69 990445
5 80 171009
66 99 643974
20 45 584353
14 31 565844
49 8 779297
8 25 157785
75 72 201898
46 20 138967
52 44 692057
65 52 977099
15 84 354914
57 81 510880
24 13 66667
6 41 552006
63 38 411606
9 61 986524
82 16 976472
85 92 422230
83 94 239934
50 60 976640
96 75 91933
26 11 70015
98 50 329856
34 79 120639
50 36 189784
98 48 982097
19 93 579766
40 10 172028
39 34 240435
62 32 236285
48 16 641399
66 86 455863
3 48 650457
30 32 398750
27 81 669609
87 79 194273
50 31 186133
14 33 630792
76 15 820620
18 72 29637
98 37 764200
66 8 457062
25 43 168267
3 1 606239
56 7 938290
13 6 949282
67 81 633878
3 32 943666
10 47 810792
67 1 513375
85 48 216134
55 14 958392
31 22 256570
32 72 896837
40 63 97192
24 68 49140
70 39 817719
68 58 774184
59 83 90859
59 76 128912
8 3 288554
83 54 431250
85 50 623929
12 89 587912
65 33 846403
35 7 420676
24 46 820370
5 93 655758
68 34 712636
75 23 302355
24 43 80597
82 77 872276
26 1 295800
71 79 312066
24 65 572693
52 88 257690
5 43 939210
56 43 113690
26 79 271581
80 78 344805
65 51 178152
66 77 157344
26 4 116294
60 72 226265
70 36 310971
22 43 828171
31 43 944089
22 41 498121
64 17 326264
3 11 897472
41 81 416626
13 74 195690
11 45 374657
54 22 462529
88 57 493191
46 60 77629
39 29 884808
89 6 997415
11 41 689092
49 78 378757
20 33 467165
44 6 130358
20 52 966105
76 47 589626
54 79 433946
3 10 916303
78 39 869464
58 47 317156
87 8 160043
63 16 692463
28 31 27371
5 59 41641
76 42 294057
35 22 758201
85 15 300804
99 43 769016
40 37 411379
59 78 349159
22 97 478581
64 16 217505
73 47 505856
35 13 936478
68 1 12166
13 4 938573
98 29 88066
27 43 511861
14 58 743604
45 4 722492
49 45 453304
80 10 3180
38 84 591690
61 95 296830
13 37 927424
99 6 694644
3 92 888501
9 46 98042
3 23 874476
27 68 651184
73 57 436073
5 1 707863
25 7 73579
30 11 623712
71 39 759120
30 85 66487
85 83 371497
67 31 541909
30 45 718025
28 29 821148
17 1 459204
44 15 359207
83 14 726121
11 57 464934
18 60 377718
96 6 56406
30 87 251855
32 1 218125
35 17 897065
2 6 668369
6 89 64975
5 28 717734
18 44 15506
35 70 286263
80 14 711848
87 3 697217
100 75 27046
54 6 901196
30 51 506918
40 76 517286
96 32 942690
95 47 488182
96 7 510102
62 79 154139
33 6 589145
88 63 512666
80 87 964358
5 74 103750
83 22 221743
63 81 680109
94 16 682062
8 19 388518
76 19 458729
68 31 335936
66 19 152940
40 95 349594
66 42 896168
69 28 869624
32 4 781191
78 82 465422
14 37 243391
70 58 901680
15 23 905277
30 58 722313
27 97 646171
62 70 102460
3 58 671013
94 97 207470
35 91 276244
30 89 642635
70 93 958989
34 29 42453
20 44 532608
9 46 439210
94 59 913081
46 68 672866
53 81 459755
54 58 339083
83 84 774841
86 32 591671
94 95 593133
80 53 69842
56 7 109198
10 19 761275
19 42 57292
27 52 734736
48 42 821799
29 72 833085
85 42 558673
61 82 204227
46 14 65238
54 34 803227
13 69 86370
26 48 743642
46 4 763030
55 67 127859
75 70 355884
6 84 712187
20 93 32254
59 51 415395
85 40 517726
71 61 402083
100 4 561186
17 42 552677
80 88 108014
76 21 804919
2 55 934724
65 90 345995
17 88 675412
28 7 5620
18 21 970608
9 27 563348
52 36 220747
80 4 703396
40 86 82554
71 84 751323
69 19 724906
57 82 820954
55 1 110926
56 48 419829
79 74 41582
59 88 979192
71 48 575299
15 33 455762
18 100 428661
54 97 614394
59 86 389420
40 98 239967
54 89 497613
85 88 249816
22 79 729849
64 100 454952
55 23 921175
10 82 875467
54 74 571528
17 74 725635
56 39 979826
9 77 453679
91 74 83988
28 31 218663
87 58 436250
95 58 446150
67 32 659894
98 50 808440
54 93 104832
90 74 726929
59 52 835858
39 21 773724
59 29 797807
15 57 217767
10 78 596429
4 79 41995
11 56 629876
80 66 675839
9 90 465024
9 3 651545
100 23 945977
39 57 408736
85 40 402422
59 38 240392
26 12 419984
66 7 877198
49 71 558369
94 14 474355
20 88 668223
36 72 732847
3 88 587647
55 96 126083
26 33 13686
63 31 10380
66 9 875797
96 60 306088
40 95 542578
50 7 625314
39 31 120931
77 23 349240
36 99 121574
12 33 353718
78 93 787076
8 15 748561
62 45 697824
64 59 757976
37 61 508569
13 84 921213
92 75 931848
64 52 383126
38 21 977703
3 15 297383
96 54 631162
3 60 808100
66 73 412953
67 34 498533
11 82 366660
64 11 689045
87 88 693148
35 16 988758
25 89 63396
55 39 203525
23 72 144383
17 60 898821
80 1 432158
59 52 232566
87 23 147561
44 17 39283
28 37 281942
3 25 683683
69 39 95280
89 74 634315
4 79 6303
80 74 666525
30 77 103824
63 60 467991
61 4 934744
87 17 320880
80 55 916244
87 82 492817
4 1 70698
10 58 37716
24 9 908320
56 48 626369
66 69 389262
26 42 356713
13 70 635237
69 93 945788
45 43 77065
10 100 793710
55 38 285346
95 79 840925
27 58 266628
12 92 695654
33 37 707519
73 79 884807
50 48 597041
39 6 910824
95 84 891662
88 72 812392
7 43 162560
55 33 722824
30 65 671938
83 72 687415
80 26 967510
61 43 412505
52 6 595997
59 91 796311
94 77 677134
63 79 656399
28 25 321481
51 43 652224
30 59 807279
62 21 509209
52 69 546553
78 95 608273
85 30 650939
22 41 459693
78 60 324642
55 36 800943
74 51 896304
62 63 104772
75 29 421173
5 84 979005
87 12 294780
3 46 607671
49 48 136848
71 17 40043
64 94 250771
71 77 637222
65 26 77193
18 29 754364
33 93 303785
65 91 418224
30 93 447646
56 22 565507
28 23 941210
80 7 223689
28 79 340958
35 88 25005
19 41 19212
35 7 744076
54 68 25611
22 72 312664
28 68 140487
24 4 343252
24 9 93196
9 39 910665
96 1 175375
17 43 749251
25 43 485459
66 56 860812
92 86 660750
62 97 647663
35 13 289846
2 66 589239
95 51 356543
80 6 580757
98 77 287660
85 52 941590
48 88 336870
62 22 231554
48 41 670799
92 42 493987
31 21 865781
18 87 467505
9 37 862727
91 6 798272
2 88 175962
54 71 160704
56 57 415950
8 6 902600
40 14 180140
74 21 55032
100 29 162667
26 53 262176
98 81 140654
28 90 843739
55 32 820705
37 29 46558
17 36 695013
26 63 54838
83 21 855350
29 43 520192
85 73 445594
94 21 39500
42 41 711460
40 75 665360
5 42 930880
94 83 409862
49 1 6458
13 20 612248
73 72 507278
20 73 185001
17 26 304728
28 37 280826
70 72 886530
71 82 432350
40 71 652705
88 72 659288
38 29 808435
87 39 768423
96 28 748054
4 99 15621
69 29 203688
59 68 194990
55 11 879695
5 65 373102
9 29 148997
90 82 436803
17 37 534229
9 76 345530
44 25 386315
13 72 126207
67 90 966289
38 61 342574
49 6 545885
55 21 222025
92 53 425902
99 51 49516
66 43 624606
13 10 300401
27 60 808683
67 95 388975
15 61 803922
83 15 780559
52 26 564630
64 52 866258
10 60 288839
6 84 613467
12 22 155976
54 43 501224
51 29 338552
27 76 488814
3 65 239102
68 31 574528
27 48 679312
17 74 804475
10 26 974826
50 1 524947
10 96 31663
24 66 820403
87 32 603659
85 67 53117
69 72 147393
17 68 401458
95 57 585019
56 38 641691
45 89 741746
40 80 417840
55 7 126921
73 93 907877
88 57 602279
55 53 465834
10 19 673855
28 23 51538
33 16 261207
88 95 670548
86 1 205072
10 96 314211
65 22 502853
62 37 132903
27 43 307921
96 84 813793
22 79 18089
77 84 613497
59 34 689566
57 4 212173
17 12 114648
70 82 796827
15 16 379973
72 16 493897
13 17 675563
66 27 91757
32 41 718238
58 72 742682
60 1 621867
7 43 465944
66 60 727020
27 88 991686
58 81 95625
63 61 326212
12 25 447496
30 33 557217
8 20 521490
84 29 651083
56 100 242647
69 41 894202
24 52 970844
9 79 299279
15 100 855180
2 28 164529
17 48 483350
85 80 684742
20 76 254447
28 74 914228
5 66 253020
62 25 132822
20 11 261336
25 60 115917
45 68 80816
96 17 431279
32 7 116564
83 77 25088
44 25 652343
38 91 965327
10 38 385850
93 57 190780
46 32 224671
33 4 932380
76 45 812458
5 82 802648
5 48 313353
80 27 810912
50 15 7399
26 38 986508
44 36 693612
47 82 809149
25 16 154609
83 71 684778
21 43 138004
90 78 897035
87 43 527015
98 54 700954
2 46 968722
88 72 321208
84 16 832563
2 22 130594
2 42 573519
2 12 322178
25 60 162937
64 10 941586
20 88 51055
42 93 730154
52 78 580077
