2000
15 9 7721
99 80 245513
95 59 827499
35 53 467401
89 55 778886
62 75 900223
54 27 515887
50 4 282067
40 58 845859
17 48 236384
44 87 694210
83 68 784380
30 13 671514
65 45 676579
51 61 799739
6 87 645546
9 95 9319
53 66 249807
89 79 503297
76 54 75102
96 52 703532
42 72 48017
71 54 870156
77 61 859376
73 96 105280
60 20 824941
2 3 876844
96 74 34934
72 2 436829
48 26 382236
71 94 675316
67 91 935532
90 28 808320
3 7 890245
35 1 959218
15 73 577921
35 58 945652
84 65 634846
42 76 803471
81 11 368377
77 60 965829
53 83 182223
81 55 47580
51 83 607707
90 22 224499
58 85 927665
22 32 526266
80 58 692157
51 34 314350
73 88 244503
89 90 742248
2 58 840213
8 80 526650
34 36 29047
21 14 473598
63 57 78078
97 8 172233
20 17 163364
35 31 397878
15 90 346678
82 49 816333
25 46 669460
77 11 931317
6 42 226513
80 50 697727
65 93 232719
34 89 274747
34 31 291457
22 28 392697
31 79 675933
62 64 680827
52 85 739684
24 42 660138
55 18 715128
58 56 965879
60 19 964080
83 17 565936
32 92 571463
61 95 155002
33 91 503221
90 75 189776
90 22 453239
94 34 45221
50 63 619768
20 9 620233
98 45 225149
24 45 465430
4 29 42153
18 67 742505
71 14 246997
89 50 415466
73 86 784215
62 53 622526
45 71 418717
41 4 458790
39 21 772882
6 88 982374
30 85 83429
33 68 823228
59 86 971283
25 77 845930
70 27 464646
20 93 390213
66 72 168732
10 75 699073
3 8 390510
4 26 135259
19 48 806835
13 53 429755
29 91 907361
90 12 513226
64 9 69137
62 24 458400
89 76 72384
59 91 678524
31 62 840589
28 78 880924
82 94 619345
66 39 399809
88 53 174327
94 2 144423
16 57 246615
56 68 853491
63 59 707783
28 78 753964
1 40 580049
57 52 179757
82 90 764327
7 27 685719
69 76 611339
40 25 794533
59 1 440371
94 63 262620
99 4 628353
72 81 476770
83 11 351363
57 17 674816
94 32 973797
14 33 20343
70 88 486261
98 29 153308
66 14 222551
48 1 978258
11 53 422020
60 26 348679
46 49 363092
25 44 194240
11 16 802064
90 1 686746
32 86 701845
43 65 175339
50 87 716586
37 35 663517
99 5 404311
94 67 672153
17 48 211564
67 25 732373
28 79 183343
64 88 61828
22 62 570382
80 100 193230
19 56 514046
61 64 591724
69 45 12956
80 10 38208
89 72 408056
46 13 383534
60 18 89189
41 46 937047
9 94 764003
65 100 723971
19 31 72843
54 63 548148
17 55 192042
87 17 578544
83 70 811891
50 67 466847
57 79 270093
31 53 810255
40 5 792428
49 100 896515
99 29 117398
100 44 663591
13 73 307309
8 77 618879
73 82 583142
11 89 462035
13 74 999787
11 72 61413
83 12 100834
48 58 172608
28 72 965676
58 1 593582
62 98 98107
47 11 898920
43 42 734904
41 94 709037
87 27 97103
11 60 914120
31 56 723749
82 29 12999
83 10 425127
7 49 854672
50 100 543321
52 16 428604
27 56 603614
61 96 762267
73 36 150069
60 61 103583
5 73 255162
1 60 966491
3 70 605582
32 65 94665
11 58 154577
91 21 730650
3 9 792516
56 36 502439
70 67 718682
51 49 342273
37 77 893453
57 54 52490
54 7 76048
65 66 900178
27 32 742298
30 59 362635
99 64 442086
24 1 134045
87 85 29531
71 43 235459
1 15 151628
12 69 620993
47 54 75799
83 60 537563
11 48 665903
7 78 159134
73 91 281040
25 54 954196
20 98 91384
59 50 402891
64 22 487091
81 48 885174
74 60 61878
55 92 988654
96 99 642173
54 88 582354
26 87 440380
10 6 834793
31 45 170051
34 35 931043
45 82 575854
24 55 631367
94 1 882168
20 73 910633
63 38 126224
47 97 197215
76 97 371386
75 25 354894
35 5 81343
23 78 139594
71 44 82096
7 28 19794
60 34 656446
90 31 510874
51 80 665792
22 58 977193
57 28 768340
80 64 918351
61 39 427871
28 56 642263
94 86 101576
73 1 900939
58 13 449880
75 99 619898
97 61 907682
20 3 960887
73 67 856920
76 33 80048
10 52 814368
30 76 35410
94 87 327490
50 18 761916
69 83 729551
67 51 526360
64 42 957079
78 29 225712
31 8 460937
97 48 754994
45 55 401575
6 54 179124
94 89 732682
28 61 255412
91 99 281663
70 26 604593
41 75 359971
56 66 162599
16 87 351219
15 83 251626
27 100 972362
93 82 511044
74 53 828866
80 58 661417
25 11 758743
32 33 990879
74 44 462339
41 70 870060
14 13 846627
34 71 995155
63 64 187882
8 73 646866
59 32 115946
91 31 548459
86 67 805023
93 31 444751
73 76 298551
61 19 923951
38 3 277473
15 53 203297
83 96 493603
18 30 768856
96 52 169612
69 73 637884
71 7 213612
61 12 203854
92 48 358548
32 57 360251
44 40 911861
87 31 499470
67 5 676058
53 81 172685
66 1 437242
30 1 398196
82 63 576477
90 77 664072
97 38 405332
90 59 975729
76 24 780841
88 90 615340
29 45 524999
73 47 297436
90 77 298324
51 56 888702
40 17 240413
98 50 13202
17 74 262913
62 98 502383
36 71 793610
4 7 850595
14 64 756159
27 57 772287
91 95 151663
33 91 305629
26 19 734299
50 62 404613
89 81 94494
49 99 324560
34 87 927111
13 62 613291
34 22 950154
32 6 543217
55 48 772286
88 78 125344
10 40 786234
20 25 998974
13 5 895813
87 9 817573
50 64 273674
44 74 370919
82 14 796366
88 10 388923
100 62 385896
29 27 776591
90 8 612995
44 88 682038
66 33 215724
45 37 789856
83 96 708303
31 73 430935
66 74 622535
18 77 590930
76 63 535082
22 93 842482
31 20 171634
71 46 560604
89 51 329511
72 56 242283
9 1 402063
93 47 473362
18 12 907820
30 71 198324
78 24 873789
18 12 764280
96 17 595143
85 72 278299
50 56 64937
77 96 829935
1 20 764970
26 76 649872
65 45 102131
9 5 283906
52 24 96846
28 75 793496
14 1 919811
26 2 211753
12 6 526748
80 3 294848
83 46 930166
77 29 29868
27 53 858536
12 16 220509
41 91 783810
19 74 675818
63 27 118661
22 25 431059
97 71 924168
91 87 387733
59 50 510743
4 99 316661
24 84 590305
92 3 46411
48 10 164583
21 13 286851
21 25 645349
19 28 703713
53 87 541143
59 86 7063
89 17 158444
87 25 946894
64 95 376446
42 47 501292
31 55 651448
20 3 277615
86 40 593341
99 2 57951
100 95 333679
53 86 465103
41 52 880062
11 1 302739
62 85 524890
86 66 572462
35 60 912593
40 23 714631
89 18 132114
88 18 548794
98 24 385723
23 56 433767
59 58 64881
50 32 142961
58 56 212915
30 13 889670
91 100 223202
71 61 546954
55 51 711407
61 87 447356
28 83 316284
80 27 937984
45 22 737992
25 93 44613
41 46 260507
97 44 576228
55 81 12084
66 95 514174
49 58 97238
16 98 881667
78 92 819228
82 41 674024
41 66 853571
72 49 63978
80 42 595348
39 36 616045
20 44 916706
24 60 498214
20 35 511284
41 40 825900
12 96 930181
67 76 509591
15 28 160614
92 76 305668
47 81 128963
51 63 485005
18 33 939502
49 9 697949
49 78 407474
97 14 379557
8 11 680318
94 44 791028
86 94 340292
52 38 400215
49 28 83902
30 14 321365
16 84 39611
20 97 282542
43 24 151174
17 41 970507
97 77 245742
51 20 530985
29 46 269646
93 57 533913
29 34 264691
7 34 874405
30 41 193253
27 75 592763
5 36 183747
82 91 999378
97 93 889567
80 50 536663
22 69 718592
83 48 634280
70 21 442760
20 38 32194
9 81 776043
77 50 714254
87 20 544904
17 81 406698
1 83 938290
36 79 161777
49 44 567880
37 21 380714
43 60 582444
31 88 342310
47 55 44123
75 62 461267
33 93 147725
43 32 745898
42 79 334230
56 5 878776
3 34 110286
72 82 288603
58 14 697737
30 24 736567
73 9 647328
86 65 132712
43 85 712092
57 58 432200
44 30 414388
80 99 38685
6 94 654984
50 85 744823
80 71 755029
59 30 288959
89 94 278194
1 9 578735
56 100 331996
33 50 536398
20 14 365
66 16 736759
1 72 21862
75 12 43558
82 1 40301
88 55 876374
58 41 572803
92 80 396743
36 94 634982
48 8 21493
33 84 24152
49 24 377819
52 15 875613
63 27 199089
88 62 905733
47 74 237110
77 60 604729
49 12 459252
54 57 68206
79 46 300391
36 76 838316
37 97 777901
77 6 327102
56 12 438631
66 83 421388
26 79 60821
38 6 266964
44 53 388149
85 21 839922
7 28 420202
40 30 457831
22 75 604837
43 92 169813
61 54 742402
42 87 424235
52 94 206405
92 69 778489
65 92 834990
53 5 724242
95 17 650726
81 99 449384
44 68 297674
67 53 828344
65 74 520917
41 45 331238
69 18 351089
42 11 751008
79 24 62976
88 17 729644
30 39 382215
97 45 695561
6 68 758798
78 49 756766
5 56 224104
2 69 854512
54 43 158891
61 75 340264
18 22 576833
95 32 517481
30 69 776237
58 19 869869
68 28 451348
59 80 54280
98 13 50672
65 63 93364
44 74 894159
4 47 881800
51 46 461525
44 49 932576
67 55 517089
64 8 740459
43 24 767106
57 50 149718
73 6 632979
97 8 589525
50 38 727684
63 79 418491
12 92 762138
82 78 289915
6 48 758586
5 57 930319
75 19 781757
64 63 3878
30 18 145260
98 22 664789
43 49 905041
90 56 736453
60 72 301417
11 25 794043
99 80 444745
100 45 481342
14 32 512206
96 94 892645
16 64 156951
5 95 577075
56 3 919430
41 40 161700
100 13 425941
78 42 21649
56 69 687630
84 68 941808
48 38 357038
7 4 318879
47 9 739172
71 20 147530
5 31 968305
62 76 829345
44 86 390568
38 78 240442
72 100 144385
14 40 289802
46 48 924898
46 10 830425
16 56 931946
12 39 541245
25 46 404512
11 97 17257
47 18 239451
48 29 51116
32 10 987714
36 64 636760
50 1 343740
61 21 530571
39 67 147104
48 21 191715
69 59 675180
83 54 594946
20 94 641530
31 46 783216
39 47 786776
34 97 864269
98 35 842256
10 81 16329
58 43 350377
13 56 161645
17 53 205227
50 90 37462
45 52 600556
67 25 216057
97 56 785047
66 6 177754
78 61 894688
91 99 157067
40 4 401266
56 11 768378
42 90 149803
1 15 975880
34 76 192859
74 12 913931
82 95 151577
1 68 287162
81 25 465184
36 21 914619
87 48 727592
75 90 870740
5 91 409090
69 5 277690
96 100 29650
36 55 759518
54 94 430756
67 15 144881
64 41 233591
46 11 904685
5 89 840557
70 30 78777
26 39 627799
85 88 845415
21 53 101514
22 25 492743
25 44 95668
85 6 696529
98 96 621549
65 35 636974
4 17 728957
6 51 89851
31 30 48776
15 66 744470
4 83 777113
49 61 576986
52 2 16344
45 16 220404
98 42 916449
78 26 589172
35 81 285590
91 100 335146
19 57 116555
96 43 349652
76 57 594480
38 93 880615
30 16 932725
24 10 328018
2 80 231932
86 85 353421
88 31 279062
86 74 566341
68 34 158423
13 92 582484
25 68 500722
40 63 157491
68 27 719703
15 54 108484
75 86 590270
4 38 551255
51 90 807095
78 1 452666
43 99 342127
31 59 583223
29 80 449239
65 3 88909
67 46 619553
29 8 831623
4 87 396799
13 49 292182
68 47 527289
54 79 284533
19 42 829136
53 4 611404
82 35 680395
50 78 614562
8 19 23486
78 99 678042
5 2 91550
67 88 969583
77 86 50842
39 83 328485
57 13 495436
5 45 808482
59 39 517496
46 8 960699
63 46 600064
73 56 844618
72 38 500018
37 64 996535
97 75 375790
7 84 522318
20 13 184668
6 30 562528
53 65 464777
43 59 263928
81 68 423190
45 25 590971
89 70 575851
99 30 937972
61 63 611658
39 64 37071
6 79 606547
84 14 391051
55 51 14627
79 39 665190
46 15 944124
69 25 455073
7 22 624627
24 57 528493
58 20 327292
23 1 443948
63 80 623813
34 75 751679
75 97 402562
44 41 818245
86 52 404831
87 63 547278
37 39 358832
16 81 708881
21 2 601242
77 48 854796
17 52 11143
53 47 973720
79 57 17193
14 75 607341
19 63 579709
89 82 540907
91 34 870854
58 19 716309
99 8 727665
38 68 863990
91 49 668145
25 92 238158
30 42 591397
91 36 911225
67 63 660685
22 81 492653
70 16 493922
51 66 793127
31 61 220786
74 84 249575
4 84 559297
95 51 935161
97 1 547800
11 25 651431
74 41 710552
66 59 759421
40 100 290708
11 72 741213
69 87 998639
83 45 232663
87 65 60674
20 46 843434
63 52 329917
17 67 379967
92 87 93504
9 69 398816
30 42 348493
46 12 463468
80 9 466860
55 6 56696
71 65 580708
37 36 447539
100 90 603305
37 36 213003
10 66 106555
28 64 194616
65 45 225103
39 13 965749
61 15 736886
81 67 244421
26 19 445071
43 61 585275
44 14 583469
23 79 669863
72 99 155610
53 86 247395
88 1 950414
77 17 102592
16 45 925196
51 28 514661
6 67 736333
25 73 307031
77 69 151721
47 92 107857
97 57 597366
87 64 838180
87 62 981417
52 47 950428
8 65 159949
31 61 431122
59 25 720391
79 36 578625
23 16 212585
22 5 955410
65 88 562206
39 10 937404
83 75 866144
38 11 617699
71 40 302295
2 76 633017
5 31 702533
58 16 621923
78 21 333295
68 66 371820
94 41 35461
26 48 21104
97 29 519370
20 36 897744
92 13 415152
92 62 965059
3 19 418616
21 60 821286
14 72 678069
14 30 512549
52 28 552741
85 16 200404
98 4 113181
43 19 402364
27 57 862879
65 86 171124
68 38 160630
48 33 21440
32 71 997363
94 88 303314
85 7 990907
89 38 477330
93 50 600293
89 64 37160
100 88 833537
14 43 411452
38 93 183871
96 16 83068
7 1 172604
20 35 512344
50 38 218556
15 68 803678
32 5 606120
10 28 895161
91 38 68851
11 86 503199
98 23 65806
45 96 92140
56 13 364477
18 80 349497
29 48 130648
54 27 446627
18 23 108380
8 42 128234
78 20 927556
56 79 316396
75 53 711661
36 94 113310
18 17 659522
22 69 482740
83 71 430198
82 27 498066
51 4 53632
86 51 825639
33 32 127575
15 8 877247
95 75 623454
78 81 392650
67 75 851381
36 58 691912
32 70 450496
25 76 936690
72 37 472077
20 86 137466
2 43 622520
97 85 783121
93 61 743977
81 41 261489
20 1 979686
53 61 73443
28 31 106302
56 48 592717
100 23 823791
92 27 353515
20 71 45138
14 99 89777
29 53 158471
70 49 547259
8 84 151063
49 59 657065
44 6 525284
72 20 43332
71 83 130406
31 7 560580
4 99 369797
47 13 498945
72 28 689556
23 4 968829
42 15 122941
98 80 956309
59 80 817624
100 53 631978
88 56 311501
38 7 240552
31 75 145686
47 60 572180
89 65 87950
28 85 540011
85 68 87555
69 86 736673
12 22 767913
61 44 232878
69 85 438684
39 16 805428
75 85 394905
3 45 49620
26 23 648642
99 11 972013
77 16 462591
84 75 980320
66 27 4903
88 25 823946
95 40 510333
10 70 397134
85 40 758006
29 13 575072
43 24 256466
17 57 17160
56 76 186925
6 28 399638
32 38 697053
44 4 582779
47 62 745258
23 34 703081
8 68 601739
31 58 626162
71 70 674767
17 81 731206
32 96 115586
22 86 80295
51 16 462236
23 1 899144
47 69 25700
83 90 817364
93 74 843620
77 56 476391
96 61 359895
70 30 412293
76 77 444284
98 54 45322
83 31 29150
68 79 937487
98 15 170326
84 58 855448
11 27 939128
49 81 69488
21 68 436999
9 43 763364
34 18 813569
69 56 129794
50 43 750843
95 17 886146
2 13 115777
66 73 110285
37 98 172145
14 85 50756
7 77 296598
44 73 362611
30 46 362452
1 16 220871
52 73 170324
79 45 187534
26 22 858939
4 86 856851
32 75 773375
60 88 904111
10 53 420868
30 29 329694
68 44 187418
81 78 881722
82 51 595702
26 18 453298
45 100 893810
17 83 380828
73 95 673637
75 58 393864
84 54 804222
64 36 69764
83 18 673102
13 73 125109
55 16 120729
4 10 837924
68 79 127787
99 47 851327
35 91 175977
54 45 234807
97 38 348772
20 77 566172
33 24 636285
42 33 686183
71 94 609544
94 82 497873
11 10 675760
26 32 765481
38 12 299652
56 54 709777
68 64 606748
54 4 766631
85 83 385791
81 23 104400
96 97 138289
82 21 787680
9 45 808964
51 94 223697
1 9 321531
81 68 905070
31 38 410008
90 65 781498
16 60 923380
84 16 331451
84 65 218394
48 40 520945
80 25 239353
89 96 59451
46 82 889125
78 31 199598
10 12 139125
32 71 759159
70 85 812066
85 72 225427
8 66 561135
26 56 762041
66 65 804462
92 76 210144
21 76 964095
73 20 893777
60 35 19865
46 72 300526
14 59 901572
89 27 567635
3 7 394341
20 91 160185
13 33 496144
79 8 205476
48 15 43586
74 49 185503
8 97 51829
9 62 310498
54 19 954815
3 74 654930
50 97 423840
44 59 360559
35 18 918246
59 65 361415
48 84 258388
30 39 429359
76 25 261254
83 17 361632
27 89 848163
31 7 892288
69 70 977598
5 74 523792
98 36 366828
32 20 558163
73 79 734086
61 48 94580
58 50 492550
37 15 604605
60 17 491287
52 5 311186
90 100 333241
65 66 258098
59 27 482372
99 19 883849
38 33 698994
99 26 474818
48 61 763176
76 33 176292
96 43 35932
14 57 277423
49 2 23371
32 9 218610
75 99 732914
97 61 40342
18 81 789800
60 56 204166
43 65 453183
41 76 692615
23 15 181512
54 58 809242
60 98 292793
55 95 470356
61 86 677418
48 23 622390
81 72 752970
15 94 125916
89 38 579702
42 59 210588
74 42 188574
12 16 749837
9 53 899716
24 53 696546
84 23 221202
28 53 919589
77 75 287980
5 18 551315
43 59 882828
11 32 948886
6 65 244504
30 49 548644
79 72 628655
63 21 8549
78 10 947911
39 47 161840
37 96 954384
19 41 71818
45 35 463717
77 62 716911
47 22 598688
80 54 452293
73 12 105813
45 9 308596
58 67 791789
37 75 235685
13 64 237480
72 37 359521
38 81 56360
41 59 54398
82 48 661979
15 68 285174
39 19 559472
47 48 549537
12 77 85914
69 55 603037
48 62 216037
23 3 676009
67 2 829440
85 61 662487
70 4 376506
35 43 821949
85 35 138221
64 89 1016
81 70 483787
84 60 845753
82 11 907374
51 30 530685
3 50 583641
61 41 788297
91 81 896527
71 47 263263
58 53 475589
21 7 911873
35 88 853896
41 44 586385
25 31 26784
98 13 184620
46 29 670526
74 95 153199
2 6 111247
62 65 683725
22 46 925565
94 66 413842
30 55 885032
28 71 795818
14 32 974322
89 15 514066
15 6 443592
81 10 271785
54 46 124060
8 67 501946
52 19 547000
18 59 529495
56 18 894751
52 79 668146
45 3 943552
81 72 482406
5 31 762533
20 83 637660
54 31 537040
44 20 419122
51 29 12183
14 61 465615
69 13 389251
41 88 706939
20 53 929217
25 7 106232
85 61 717151
2 82 953254
75 11 573493
34 90 975615
37 74 919198
79 77 369631
29 54 728362
53 68 685697
80 84 704895
98 68 40948
65 71 147764
50 83 51262
47 38 607319
21 44 547521
21 8 621184
27 35 102033
90 9 849581
31 12 222108
19 70 665422
36 16 537315
38 36 809806
40 91 599234
77 46 135430
3 74 280178
55 3 349737
21 55 728261
35 95 432310
43 81 924715
93 4 337294
4 92 432665
64 91 56021
63 11 428153
60 31 973915
34 71 655507
39 36 567949
39 89 518893
41 27 436506
76 88 326624
83 77 196956
26 14 551015
50 94 916320
97 45 547301
11 9 368532
93 45 521918
86 92 291894
33 53 259997
39 37 940760
65 36 782786
86 37 410805
71 17 353786
43 41 64110
43 55 649503
21 35 638359
58 14 974917
100 70 305332
98 21 388279
44 59 632551
90 41 584111
94 96 405821
98 78 177240
65 99 692088
1 30 944260
46 54 215800
98 99 477650
18 35 148158
25 71 768112
37 44 743565
61 44 397434
68 59 515945
41 47 244594
100 5 509352
51 23 375361
54 14 387543
94 83 233526
14 76 21351
25 99 193684
32 48 702577
84 7 853282
35 11 261145
9 94 270399
74 52 462334
53 29 569355
50 74 89617
2 14 593120
31 56 643317
34 68 585063
66 85 84303
70 21 736436
29 70 255567
65 82 600009
4 27 381532
55 26 702726
53 49 984909
77 26 944964
66 26 735684
29 16 778807
80 56 905362
26 91 835525
72 93 981283
56 51 679490
9 53 407592
16 81 513717
85 90 509671
59 13 190009
90 65 573050
100 54 300975
17 90 455296
84 17 750016
100 12 77439
50 73 886819
97 77 906346
14 66 68723
49 82 24349
55 40 723869
79 63 138391
7 9 280263
58 96 918821
8 66 830687
99 47 710523
7 39 57275
29 84 164952
65 60 184819
60 12 671157
78 100 112757
39 81 621925
54 25 142764
16 54 857805
69 25 652921
31 64 957174
31 7 593420
43 95 674895
50 76 141674
7 55 153440
91 69 159704
42 51 120020
80 17 116939
81 11 366309
71 47 666287
82 61 236597
46 43 105049
72 77 61808
16 77 906091
63 71 520268
75 90 597212
27 92 823791
61 48 952152
25 52 180607
75 1 331662
80 83 155723
32 26 194909
76 57 519340
7 62 851373
28 12 506090
65 77 114354
57 45 105843
70 20 867771
60 28 724845
66 50 612238
49 25 544700
55 2 578139
93 45 524358
43 42 181488
92 100 235717
56 31 599333
45 15 140149
100 30 923547
44 86 599856
7 84 885850
80 88 5887
86 2 677667
12 39 379581
60 50 889743
39 97 61763
43 14 550436
56 96 702830
58 93 39791
75 89 399236
86 19 594819
44 66 337666
28 76 921524
82 61 922021
90 53 253451
13 28 449632
43 93 324606
78 26 262460
67 96 726556
52 85 619912
16 82 201438
72 15 509874
26 96 568407
13 84 863760
2 49 503599
90 81 411374
89 84 844208
95 63 906508
22 21 958334
98 6 366426
90 17 142448
3 72 736871
42 34 557666
27 36 514027
73 14 931436
78 71 309258
31 41 623541
72 48 218508
73 50 389687
30 8 414189
74 51 563958
82 30 312501
40 67 442046
92 95 493390
46 44 800496
58 68 828568
43 50 972935
65 96 434309
35 46 543702
26 29 383720
18 64 246998
70 5 392820
79 86 56189
74 59 270470
57 5 491651
14 37 615088
11 87 46687
75 16 753803
42 28 824081
55 19 528899
10 46 854905
23 68 44022
67 72 564009
35 15 955250
70 72 59871
79 34 732692
7 43 710091
3 91 151148
72 63 790170
14 31 537147
50 17 933922
76 56 987785
15 91 597719
86 46 962824
75 52 691525
47 32 710394
8 70 398292
11 13 769859
95 98 566834
74 83 139061
91 99 779367
37 75 42301
55 69 332417
89 31 849210
35 53 529365
62 45 347614
30 66 162202
64 62 942947
79 30 213239
44 8 947857
59 77 715785
63 4 843275
17 61 53764
17 100 689869
1 29 529518
50 38 710296
77 15 433546
89 9 774237
63 65 140404
92 13 257456
48 21 287591
56 81 223859
26 71 614734
19 3 872672
93 46 110131
79 20 441763
34 7 148121
82 85 469414
45 71 874345
12 27 137421
55 10 395293
16 84 154779
94 59 13667
1 97 314624
5 13 950273
6 20 457618
11 12 226861
54 80 77721
39 14 851092
82 46 319105
73 56 255366
5 67 230198
99 4 71757
26 70 978357
23 97 766788
2 49 563411
86 68 41414
67 32 978606
89 59 13445
61 21 352123
4 9 781156
24 100 863348
10 88 899067
75 35 304852
73 56 793434
60 7 749915
84 40 513635
51 62 673106
97 96 501961
100 26 892329
21 15 619429
70 91 426294
63 64 804770
93 34 122840
29 62 467009
69 2 794660
61 40 431137
96 57 608531
92 46 71174
19 11 999260
42 30 939913
27 96 367500
37 69 954928
36 47 946001
10 63 331169
7 47 769283
50 94 509816
12 24 729999
91 43 280276
59 76 782589
99 1 612560
18 96 19109
29 93 47725
11 32 604894
100 50 888045
34 24 127236
92 34 771067
22 84 432395
40 74 262616
83 97 192322
47 94 816723
68 31 634030
70 59 778814
59 46 866273
82 18 220837
9 5 697374
1 76 421134
8 25 467173
59 28 724249
92 12 787850
86 19 6951
36 49 977558
25 91 73971
51 26 715443
85 88 266655
37 65 326337
95 60 428509
59 30 664935
61 52 608431
66 13 923204
77 58 793028
92 79 431559
27 28 634463
38 99 683784
15 98 831466
92 54 680762
17 10 158547
75 33 27996
90 69 489659
26 90 466460
97 6 227104
72 82 941811
84 11 458153
67 8 181382
24 8 674236
35 3 24169
55 9 712519
31 14 894427
47 54 385487
3 80 488188
10 42 856632
54 21 504297
16 58 178443
37 94 562209
98 80 652065
20 48 958684
78 17 68304
83 70 83639
12 82 245505
1 74 984089
48 65 735934
90 97 393954
55 61 976602
4 20 912537
55 42 393589
95 54 258652
10 23 117021
11 90 156679
23 100 945211
20 83 773828
82 87 611607
14 58 401609
61 41 260017
35 1 90750
19 4 658484
91 94 69503
3 39 202552
39 22 568084
24 15 586387
38 1 27140
77 64 275512
76 54 14650
86 67 708543
14 100 107586
12 61 155138
12 86 855724
96 47 414800
62 8 207512
17 1 586286
18 63 442364
2 44 550359
34 79 668772
36 49 176134
78 31 64838
12 89 530794
12 74 151267
41 58 889955
77 34 187495
25 93 678589
66 11 588877
89 97 531742
46 57 210298
87 51 290739
72 79 773215
85 75 72421
86 55 449960
63 99 794732
68 17 458332
66 96 762955
87 6 875742
28 43 954541
73 85 364696
81 86 929316
21 40 195844
8 27 92170
45 42 311132
9 63 636535
71 96 769529
31 73 293543
25 39 232031
49 45 481557
22 36 974913
52 55 913115
53 16 845524
1 84 377390
26 78 742116
61 23 672154
24 35 467967
80 54 984533
22 20 306853
26 41 137361
84 93 854977
52 89 860319
45 38 24207
60 31 414599
65 60 247395
79 60 982702
72 42 961737
36 23 873154
15 67 529649
70 36 691251
95 18 685652
82 70 746920
80 59 515012
88 99 917198
34 8 235296
65 73 738375
67 47 663724
52 95 379097
30 75 415082
32 78 170099
45 8 168594
93 27 936738
27 53 778520
35 1 973034
39 72 818321
93 61 146221
60 12 176261
93 89 46649
35 66 166836
80 87 295947
25 30 367988
97 7 731960
63 22 602541
4 33 605381
93 4 121562
90 57 115116
5 51 312402
34 48 551007
26 78 778992
75 46 591014
98 29 5212
59 96 421592
71 83 817758
23 43 346247
25 20 413622
8 32 366804
5 32 496504
85 63 311629
44 78 150402
58 54 411482
21 91 119962
100 35 546891
60 2 882956
83 82 982515
59 37 268332
70 87 921381
13 61 777732
39 91 94024
90 33 44212
77 49 495942
40 12 185407
34 10 171742
74 29 302901
35 63 848186
59 49 502213
94 95 261796
37 10 172004
46 39 737153
67 73 738600
13 44 510302
74 36 955451
56 23 34339
10 12 624521
28 2 910617
71 20 722834
33 20 901760
89 24 384829
69 24 468170
62 71 505275
45 44 693785
87 75 962364
4 40 37830
13 80 700351
72 82 655315
100 79 809240
19 49 129609
12 9 658849
81 83 719710
85 86 973449
87 59 769453
10 4 926800
100 97 63171
57 33 167064
32 92 723903
96 60 298580
59 33 916033
39 51 234460
6 26 114394
70 72 642815
18 31 83176
93 16 84854
83 73 724621
76 100 160349
38 67 362161
19 24 806314
21 99 106941
8 87 323841
33 5 812387
83 2 832721
67 16 393240
36 97 350210
87 38 372790
95 69 855061
53 93 902274
35 52 402061
18 32 418293
64 32 453203
60 3 619556
14 94 956965
41 69 517038
19 94 159985
82 12 428901
63 66 908014
64 20 550332
37 9 674584
87 33 689772
63 27 379465
58 49 542582
9 38 657571
61 51 936331
31 93 746783
13 32 689119
34 24 965208
48 85 212315
37 24 529786
36 67 205507
32 91 933262
86 70 435165
13 42 525551
40 58 713331
27 94 592905
65 56 602665
5 44 29227
61 66 693108
94 2 971867
26 48 114424
50 95 408560
57 96 653675
4 63 247503
83 3 899279
27 17 17231
40 98 94223
87 94 992618
44 99 868704
38 10 439565
83 63 878514
25 13 760922
90 29 715496
24 93 528204
37 66 948455
6 14 956295
99 95 670164
9 100 459186
1 38 946212
44 73 851079
49 29 399422
71 30 207112
100 74 557212
25 2 230147
46 70 740627
32 4 992162
4 45 881164
28 50 299986
25 74 49837
50 80 546643
81 16 953489
71 25 91676
57 87 245612
14 92 495145
6 63 745112
40 23 740283
17 18 297510
73 95 917193
33 79 210297
63 29 512418
43 63 748051
98 90 336896
20 79 189943
73 41 245198
14 62 574286
56 77 134339
71 81 562124
63 52 262417
71 5 191527
35 7 915310
54 63 730296
11 32 465118
80 97 424009
10 92 399171
9 91 884204
59 24 453986
40 41 697564
76 5 849737
56 83 791777
67 63 616925
29 2 881341
3 15 567157
91 43 101824
58 99 459454
20 33 907176
25 61 823926
39 88 65407
87 40 754885
43 33 87069
39 55 548107
80 72 532195
92 44 410618
44 76 175926
33 21 396107
94 56 968345
2 22 422548
22 26 108267
23 39 498245
11 14 222644
74 28 882343
43 78 510829
60 44 12433
51 35 938229
73 37 196280
4 17 676961
70 56 291712
74 14 138574
3 10 404004
75 82 714127
84 14 655351
18 72 522034
30 79 403471
4 97 544723
55 81 659384
30 97 628708
3 41 372074
69 17 98003
35 93 745691
68 46 178218
44 53 343709
60 92 269049
75 53 83433
39 20 644433
15 21 498953
5 66 159477
83 34 727163
82 31 867025
82 86 993325
77 66 488764
58 65 681198
35 57 170448
91 55 270595
48 12 20946
35 61 783940
31 60 599255
35 5 428959
18 76 321178
95 19 352805
19 28 151105
22 66 852779
96 3 486132
53 3 476180
62 84 382887
53 5 580850
60 19 115396
58 18 544282
35 20 973548
75 65 71626
40 53 975626
