2000
312 972 16311
682 528 9318
414 966 882458
451 700 673154
322 892 702608
646 85 487112
401 50 789600
282 190 816197
309 501 252513
622 144 770076
683 975 928995
664 140 722489
897 576 805432
477 961 709803
500 28 909154
431 241 755862
934 427 529686
503 820 946168
912 96 924434
257 661 572383
61 711 426949
890 194 188617
463 887 478070
277 301 638122
296 378 516548
729 822 175858
647 547 16951
228 601 500745
683 407 393159
460 644 795512
487 83 809584
339 413 719187
996 652 815437
730 64 258274
827 24 143502
675 709 260767
772 640 930698
625 745 497246
225 545 470035
580 421 226300
432 471 856258
839 344 630640
198 566 569611
491 404 357827
99 250 6940
342 600 881026
547 659 961030
815 433 812069
3 796 585017
449 615 632727
436 929 496108
160 731 543025
856 675 613722
491 534 32500
20 220 717961
145 688 434006
571 767 653235
774 825 923271
409 439 963937
496 460 424291
348 382 384937
649 393 218133
139 337 778776
481 18 55162
906 513 522224
433 693 137917
655 704 901475
670 3 87919
960 263 239917
889 373 790593
242 625 38160
476 280 43742
36 498 709788
275 411 88862
631 119 646012
746 579 355922
607 66 780009
203 825 261347
52 969 723808
17 873 752406
17 808 205144
323 450 142513
948 453 156865
10 239 188614
273 727 182890
3 762 695660
589 111 229782
476 976 707606
205 117 910210
113 94 393825
23 232 848025
975 200 283263
472 395 580171
893 236 909415
441 926 9363
110 936 773745
715 601 273577
11 386 480924
558 860 594801
162 541 257545
811 799 199011
546 48 632440
966 604 775131
279 870 909985
335 852 288437
87 357 45998
473 144 189376
264 908 5457
761 291 783236
563 598 458947
907 788 37340
293 626 65699
570 446 797137
576 214 223715
792 856 559459
22 882 833578
478 269 166930
669 359 874183
138 2 903933
210 354 481054
155 71 872108
869 782 303268
611 982 32612
339 908 645274
871 485 873855
168 612 72888
773 712 914922
38 125 124707
968 866 434051
724 210 204900
884 512 786458
249 853 203618
568 281 138982
639 272 113462
469 349 787372
771 439 991037
912 361 530873
230 801 631504
796 662 59149
285 252 725357
808 472 279021
553 135 347053
790 419 988801
20 470 169584
123 183 355418
601 761 738897
650 919 826118
45 808 786536
875 298 903699
767 825 595769
125 816 185757
866 423 337744
548 86 908123
546 831 767424
962 473 675160
31 588 688730
876 492 525790
845 989 538565
722 408 351125
222 821 852092
240 322 986450
917 995 726878
121 743 869932
523 511 622777
154 847 344677
670 784 559912
998 461 659444
963 55 487102
995 58 427200
238 79 502000
706 670 602631
732 379 265250
609 6 845808
985 91 313106
204 152 829955
161 375 707138
641 30 482355
246 657 975558
707 842 452797
909 793 972300
81 479 83149
355 410 116363
412 871 444137
998 990 158003
685 153 654651
926 171 936046
43 88 656824
841 826 438947
76 118 654125
568 345 69938
106 451 167112
286 883 816970
632 685 792243
542 575 865871
384 202 324046
396 221 405637
836 48 353439
994 696 517769
744 395 388573
764 10 75001
202 754 669093
138 136 690949
497 150 125494
569 570 712378
531 392 146755
361 31 484028
243 426 229732
218 168 170672
173 99 762804
110 975 880029
412 774 130093
49 399 64796
380 444 76016
649 590 997422
830 690 416287
160 119 419137
242 494 642174
826 790 231608
154 296 482314
370 799 268486
849 923 295934
343 949 17067
339 909 305417
575 795 965059
804 371 311203
879 74 130210
484 752 373406
870 541 106907
363 315 724796
918 27 481781
10 697 167220
648 970 65057
373 203 959406
362 665 876480
73 912 143268
521 129 369775
936 150 636299
945 18 459012
937 966 156915
127 938 584286
264 278 139559
217 817 275962
110 610 719476
225 729 331567
235 516 898655
336 255 898648
30 33 569109
653 662 559753
864 183 893018
164 922 880197
454 289 917702
483 277 887977
171 627 35333
549 276 763955
131 768 566205
845 337 528861
501 742 110393
746 247 118584
738 566 777033
953 607 93197
912 145 776280
770 218 768539
688 886 917282
176 421 232840
819 136 383173
319 326 898567
752 971 449365
573 255 559866
896 265 540968
815 377 179949
189 959 709967
763 596 90193
497 320 260506
794 214 33093
830 233 320611
777 493 342558
508 563 864638
867 431 743626
241 986 388805
496 833 11883
570 11 401858
160 745 370701
333 598 949444
902 134 623089
234 605 296455
49 137 95081
950 450 158962
514 435 668977
21 928 863889
582 142 62041
823 910 813913
58 11 383680
374 965 145371
270 900 119748
571 523 714139
941 597 368773
253 602 664277
365 865 541610
938 538 158
804 400 689605
449 67 143608
385 736 39199
435 646 212862
328 282 191668
802 602 255715
1 554 965792
31 6 977617
264 678 289764
668 308 559943
244 877 835444
503 821 380310
771 230 193302
277 741 390087
400 744 281316
675 95 857140
835 620 518914
506 42 164676
842 204 451833
615 957 577195
186 566 279455
494 946 678654
678 816 789022
578 857 558816
54 663 632359
403 780 273539
593 745 724
517 158 283999
167 353 633668
994 53 530474
105 976 746863
373 39 488849
640 120 720457
162 887 420670
307 589 814509
177 89 322130
713 516 429010
518 114 221699
325 90 109693
377 112 702524
276 337 400921
494 316 308848
934 558 513155
670 752 303841
588 293 363767
365 749 362391
645 195 813452
770 384 84153
45 982 972565
151 580 266832
84 933 475296
298 562 979919
357 304 25768
125 564 246344
154 260 198364
991 898 222429
85 572 536445
349 408 853490
644 272 112230
132 533 905027
76 682 136861
617 606 295667
555 343 729839
73 811 525363
695 8 353160
14 681 764207
296 459 669541
590 549 142482
388 491 378344
444 824 636645
942 771 384363
379 654 512783
503 378 699955
107 804 917527
717 596 999734
254 465 652203
500 871 694772
375 902 865237
101 778 159464
933 789 581328
637 175 278164
214 498 370449
77 957 738307
462 525 149791
55 772 755416
305 313 563338
180 914 472635
176 928 462997
711 598 603126
155 303 282610
666 579 790406
74 271 608525
883 705 74198
788 931 495727
154 803 73950
33 163 328485
852 461 261701
991 420 844089
6 630 911444
174 530 648676
390 479 453428
388 691 824287
739 666 443754
31 860 87461
633 454 828788
705 383 345005
651 273 835493
623 842 170760
197 970 941119
716 659 641138
500 589 758163
766 425 860446
510 268 976691
958 937 252899
806 894 113108
474 351 687915
730 153 537553
518 381 568801
344 699 717978
983 752 614700
599 473 877506
205 475 521504
608 851 200456
873 894 104758
677 13 896452
823 369 42669
396 950 275015
838 684 390780
438 43 53330
619 413 469936
721 776 11728
347 397 702042
674 699 625007
465 634 868181
280 284 40587
448 758 180944
959 723 206105
69 552 124286
234 747 209285
992 19 741344
569 408 204516
247 408 350379
324 469 245304
666 918 3399
435 270 926314
133 39 140243
251 326 552743
130 892 14823
232 390 954673
1000 677 94427
812 118 541706
413 568 962539
286 363 543208
491 911 574691
762 829 192489
995 170 310331
638 106 468550
163 238 764283
575 748 977538
263 894 668632
115 191 930105
892 865 217283
149 550 252194
207 415 185575
381 562 165663
50 15 95440
344 469 692038
775 4 331336
785 251 377002
939 408 329326
584 259 543983
830 766 970008
822 157 416562
709 594 771566
406 340 506322
340 573 839063
781 131 296981
919 534 611425
197 594 769599
378 713 905481
299 533 871815
52 312 431328
59 183 973478
474 902 931950
179 11 694438
331 709 332733
155 563 904965
417 467 801608
394 187 413864
229 952 128213
968 355 367638
195 350 902845
790 819 493711
383 544 962102
123 545 119351
485 498 534795
305 495 917729
210 167 774289
167 981 611455
269 963 119644
304 470 272626
255 816 294365
759 9 730791
757 777 821897
399 67 350575
8 809 370042
95 902 662580
257 775 149625
954 743 316983
30 154 911391
810 837 995358
697 181 703681
458 215 581085
418 299 747218
774 678 59947
93 914 964598
851 162 480319
406 360 207818
266 737 906716
455 995 196016
245 394 787864
445 579 255308
897 637 431206
956 333 661984
368 199 898249
639 957 786668
540 243 735278
559 782 279568
605 815 329639
116 31 885453
125 586 625926
331 896 344692
663 869 585249
817 657 456589
646 218 608256
693 827 302792
224 75 651312
472 7 969583
560 710 507166
49 765 288004
235 330 544564
122 791 381459
300 81 294602
660 483 277144
116 367 743204
681 898 924851
794 618 536227
786 672 934600
956 859 159865
627 263 833355
104 991 287912
108 592 902441
303 266 324533
871 763 509477
555 972 711055
713 14 774633
633 219 446426
314 490 504491
446 862 254186
460 449 370642
46 548 806387
327 990 639627
216 716 405003
459 536 114210
79 809 388230
343 28 668540
691 738 6389
416 879 243820
783 954 195086
530 702 70578
443 505 160266
895 322 373967
832 245 691979
402 117 80146
117 974 498695
178 964 697443
825 924 71754
224 478 709383
458 426 742949
20 799 474489
712 442 913930
162 805 566807
676 16 397424
554 660 706115
873 74 946077
694 739 844982
24 920 999112
559 891 813188
220 912 926590
88 42 760122
182 592 192295
452 657 875582
338 441 553535
187 490 871207
151 958 329597
358 418 910177
391 242 634156
801 863 194098
867 728 796589
883 667 465847
407 942 227778
300 725 136890
817 223 864720
318 51 174498
903 341 426752
797 258 844534
826 629 972467
268 479 231619
361 9 422286
921 237 743767
190 263 5383
847 553 581435
157 211 139652
125 24 633117
220 319 194792
802 862 101848
913 2 565761
828 637 278342
346 489 386048
445 658 658410
290 973 501641
77 174 282014
199 216 879169
883 521 66443
860 710 917427
429 215 445929
32 185 749414
441 384 818740
889 967 56402
522 363 978307
359 659 841677
979 229 690209
884 44 812298
69 158 783644
349 442 100364
962 707 968626
837 550 482413
453 155 36225
204 455 11403
112 323 424186
700 692 542618
598 323 977614
927 379 249934
142 555 445853
72 764 760953
265 518 605434
318 946 753368
259 976 725052
428 740 122216
62 997 523519
487 187 170733
152 25 362130
267 262 710631
643 414 551805
541 899 964015
751 729 821532
683 36 546250
548 400 375723
442 583 181328
802 330 90846
462 455 964918
451 510 735565
437 677 789123
139 518 947741
511 856 246252
170 206 624380
209 951 801771
439 680 90572
627 346 195344
953 714 825846
999 838 807805
969 156 606801
735 203 730509
618 609 377184
219 477 618526
702 317 997551
943 647 289265
330 623 648645
792 264 422927
254 533 199327
64 930 658994
805 434 43939
610 365 476451
712 547 516140
250 668 471107
281 626 458532
727 185 962204
511 892 346293
310 664 241470
561 580 836363
619 121 837896
688 767 874243
148 402 804448
720 790 158876
396 215 919521
737 36 809225
672 109 53346
671 361 458570
467 882 843096
165 294 524667
834 23 501959
158 854 524751
888 327 402409
809 537 286147
472 480 323836
679 636 88733
890 389 710287
780 227 786793
658 137 843379
104 743 974607
390 537 855306
516 85 987473
195 470 681185
784 164 166653
935 481 484031
561 185 526417
520 745 80184
202 207 296564
455 74 566429
445 765 650744
693 329 541938
255 105 264936
198 410 629448
398 600 414626
291 581 42245
522 208 376519
156 213 696768
510 806 139630
464 171 25783
34 432 534157
244 846 322891
646 497 266385
792 539 568543
784 566 989025
679 106 188971
177 577 609147
951 228 372424
145 665 308139
401 463 836482
425 615 692794
767 659 489860
140 501 984968
271 941 880057
551 475 682647
412 703 313545
481 499 724719
414 513 278607
957 268 620835
845 549 483729
462 764 516721
296 383 170936
739 972 707903
533 863 203756
928 744 56588
337 689 817658
209 766 567518
581 336 280419
347 393 542986
82 975 802131
139 638 658241
745 574 689208
517 244 456619
488 301 873026
382 593 749409
960 17 24697
746 934 219606
34 705 632374
154 585 894759
843 224 449729
575 468 632692
791 850 241028
799 521 859940
38 347 80542
367 128 97428
517 254 410826
192 776 771863
937 72 825322
594 398 511600
53 418 989904
640 231 495108
696 244 349964
369 729 270009
9 398 91598
938 818 530089
578 427 832440
751 134 2367
415 537 365782
332 376 545963
885 58 137190
928 123 871439
338 95 277603
3 392 566253
894 425 159849
228 207 286189
452 773 293435
99 690 829940
844 464 89562
110 919 261641
282 932 344635
645 708 771056
758 976 349601
309 549 928559
284 368 856373
562 944 581308
28 803 749021
559 917 483957
250 111 617481
482 165 136276
599 120 582686
939 166 828415
158 562 627575
927 679 410575
280 697 485269
707 608 543071
698 978 731739
241 265 63694
854 119 414915
281 378 20373
692 405 580298
488 83 997504
429 565 481102
721 920 594549
613 130 254665
908 438 947177
502 207 930502
974 272 307924
570 36 918916
505 538 558805
308 759 653387
83 924 213865
263 650 885331
181 993 700459
155 592 531154
439 921 640298
412 93 890216
310 87 59695
208 971 26740
726 387 393520
571 254 942790
968 155 213553
796 949 607657
563 859 854808
262 964 332420
945 65 938087
558 327 969844
309 153 87809
70 913 467659
150 365 572763
753 534 153287
914 977 963214
462 866 742062
87 728 229108
736 39 584015
89 59 491890
987 316 842185
46 261 673493
900 295 46346
253 979 735083
334 795 400318
238 910 20575
762 122 198385
646 533 88293
532 310 832336
883 550 361506
809 538 522569
859 297 856885
184 984 799223
708 391 572785
958 683 622323
180 453 586791
515 968 677873
37 395 512508
994 807 663789
120 82 871735
354 63 148278
829 182 396733
829 779 508949
398 321 113541
9 433 596818
156 604 303926
182 476 566948
429 12 371654
851 812 66058
185 347 726689
277 305 704363
309 97 38329
15 308 136159
742 796 983529
451 104 168487
326 287 166826
480 304 513521
132 786 732968
206 95 123722
511 828 738635
356 96 650687
556 281 811560
726 950 580200
687 312 212641
853 193 118404
126 436 122406
341 733 209520
527 889 282085
382 993 348653
34 3 774703
314 119 431463
69 516 612536
475 832 165329
728 36 784696
594 507 812777
545 114 204129
208 893 460911
167 296 70079
756 935 891152
913 267 92270
984 972 14846
939 905 972332
359 936 105554
811 398 511302
127 496 338115
909 504 114562
831 732 379890
582 203 956187
684 780 69213
779 770 81887
628 601 728230
38 690 196855
911 432 71190
330 375 757985
633 507 456801
474 850 881276
437 915 903474
69 716 330758
904 227 431325
915 624 425896
785 910 990817
25 950 20145
868 88 87775
722 903 55165
501 408 349826
779 714 337366
283 888 401979
102 697 598504
911 347 649000
322 872 945785
504 885 374137
997 946 145517
60 795 445771
813 528 199809
267 450 565145
608 80 633846
83 908 262576
393 745 323619
146 79 695644
156 924 695721
770 227 773623
432 597 703051
392 352 50089
640 198 759638
116 199 846799
29 787 207496
545 352 455806
144 336 861047
300 914 370278
314 515 449435
285 448 158067
818 833 613095
273 719 796373
66 936 271904
740 574 895444
316 966 208431
636 240 955961
652 170 179815
485 212 306524
98 371 705766
896 492 638520
656 982 396907
977 5 85173
478 594 463136
571 364 928486
138 183 890448
851 875 308781
421 792 157884
137 181 144273
194 43 856973
586 705 989132
861 735 179123
673 73 572839
747 94 685349
397 664 98124
786 627 509542
495 12 445214
537 539 376543
441 817 490151
317 456 293743
905 690 232498
858 394 210591
544 6 281346
38 191 711144
768 101 769500
171 22 886729
242 368 808549
606 702 283241
49 860 111440
220 656 98909
372 424 264718
389 146 658183
343 802 454555
981 606 387921
869 134 465357
766 143 433221
634 643 238603
700 425 622262
779 352 556588
253 230 940755
681 187 837901
770 195 764581
24 775 88106
990 604 555097
114 288 891379
341 477 702730
241 219 974207
93 76 261706
424 565 558213
508 840 909590
958 91 827115
855 266 479344
976 882 547894
625 686 742383
687 58 404786
501 929 444899
552 943 597836
441 325 981318
110 620 91840
273 391 603578
655 739 75769
440 276 826619
988 225 2077
371 260 33142
966 44 421495
426 311 17450
77 363 121869
610 427 207999
509 306 692281
130 385 121884
662 456 761166
881 508 867258
412 403 985784
577 770 343485
107 468 742124
702 618 33638
239 617 581727
998 673 508608
519 923 341959
566 236 212623
709 858 708106
741 498 18879
954 578 340995
384 144 444132
636 782 608476
442 961 491331
448 899 622147
120 667 443942
409 615 313505
278 79 817153
402 448 694649
924 243 328224
797 619 825117
784 71 722202
934 311 12604
34 901 947159
885 567 73963
409 231 396804
893 801 662657
644 622 848289
248 145 990163
737 354 548448
277 482 22448
512 678 36641
334 206 160653
447 902 195200
162 228 861105
559 646 27910
313 982 138482
360 369 693151
507 780 732515
171 70 916237
785 938 631203
80 649 372624
549 362 859012
778 656 156112
726 493 979210
748 459 542857
78 232 506321
482 417 937385
305 961 821378
705 982 104105
513 386 951948
259 430 514046
823 724 476858
423 431 265039
9 774 863260
457 80 334980
968 166 854132
749 360 632959
937 620 439446
233 128 985401
642 63 143376
652 328 279322
112 338 110860
468 876 890532
948 556 389470
193 892 653066
694 543 981040
951 16 616578
75 318 456319
559 754 854103
820 528 391884
274 934 997501
871 690 265028
728 584 52198
813 196 859578
929 166 521072
725 539 213202
748 150 219027
718 141 824444
545 876 301014
358 362 83098
955 47 612375
432 88 353014
976 603 66341
572 778 810060
64 909 822600
871 936 548251
351 453 257411
410 417 292363
211 356 992541
432 457 136243
281 108 966373
310 415 494035
233 729 185063
731 915 772717
923 201 68467
5 440 594976
626 471 374609
176 555 32651
724 864 544601
677 611 850701
887 752 156686
247 729 663366
474 855 647654
358 695 56941
661 509 227840
46 389 741113
846 444 562783
507 486 979520
606 709 641232
101 625 984818
873 353 272640
419 836 757404
996 763 812210
258 661 69023
209 269 516889
273 349 578078
203 147 224378
690 26 883865
798 292 750609
188 285 294544
329 383 723206
546 273 999529
915 814 344272
56 82 168428
286 698 175207
630 159 818834
41 339 62528
249 845 537815
793 178 858177
783 477 441650
563 105 327409
740 406 292561
584 35 338659
57 671 215106
726 875 892160
39 812 295009
663 286 880254
816 987 728898
929 392 4019
353 33 391335
913 662 17055
378 777 754112
746 282 193565
760 429 337649
225 559 504089
536 757 406068
279 480 410745
178 230 866710
671 529 534781
68 223 741352
26 433 736797
175 83 126164
943 715 871050
287 827 227843
621 187 297423
8 506 146374
705 830 157091
610 118 586456
621 131 381653
840 823 895882
926 50 181611
945 334 929669
449 753 857871
527 155 462414
727 769 913349
762 826 513400
909 471 411088
808 129 850536
391 661 682143
90 675 258221
755 194 602777
450 680 342840
751 707 927464
437 69 22183
574 904 332494
205 266 74588
128 228 105169
251 740 730065
620 750 410099
736 254 789545
4 317 317729
39 183 661163
363 543 313923
524 874 222065
489 901 876804
223 290 961590
820 17 367270
716 408 749808
893 970 219529
887 974 774295
113 325 883295
169 313 349781
167 421 41800
814 113 381495
476 639 807395
672 13 707277
638 176 226467
616 907 170961
622 856 287130
359 149 708899
334 348 553060
847 311 356849
899 463 750480
437 798 968227
926 374 808590
997 67 182973
415 186 62992
311 374 548071
479 387 239321
635 158 990863
350 68 520434
176 109 950939
538 284 695832
723 268 627698
535 540 181608
282 914 585191
430 324 848117
116 406 138436
325 497 584929
541 637 444762
466 720 163754
399 546 355988
765 542 608531
930 680 102572
86 559 934196
376 396 611716
180 62 508352
804 28 672638
602 96 761987
54 939 45289
99 106 317323
829 145 360489
519 960 195917
404 804 330509
258 718 584192
928 312 612238
838 215 90584
295 560 267319
69 973 49889
501 558 647416
326 951 791032
298 319 423657
583 692 69313
795 222 463694
373 522 728781
688 375 309949
413 690 821935
993 819 409622
23 527 774316
705 68 549782
776 247 197945
602 102 271628
425 447 699654
884 314 621873
932 646 812950
972 37 238184
67 701 104719
865 355 933340
309 80 260575
622 116 270212
22 103 114165
473 341 948251
457 189 829693
851 349 532992
19 403 546380
608 961 297111
893 756 718351
584 410 568950
20 304 724158
138 78 690250
970 335 154634
890 477 701381
506 173 970263
746 427 456172
205 466 538212
87 251 525993
301 266 973403
73 106 116446
40 20 905633
945 863 149855
132 542 722881
268 757 893583
803 846 134150
286 786 879239
954 578 818307
30 854 402619
7 92 284507
470 170 791197
110 692 871317
392 36 498950
512 283 170252
710 551 493576
986 442 919424
208 375 561470
504 327 596465
194 115 905778
758 979 473184
659 687 972260
433 406 947987
541 810 312409
511 669 465423
127 85 266529
310 789 157898
784 66 346631
351 127 624936
103 133 73008
137 983 521325
866 619 967217
854 363 418305
14 264 681822
848 722 826488
144 205 323084
550 645 438863
660 745 703829
435 433 287385
548 710 366116
642 896 820964
870 442 168351
565 398 606400
419 623 360984
482 564 397508
754 136 301435
665 287 567832
971 375 820746
636 477 337977
202 843 743315
982 480 96700
546 102 371233
935 785 179685
600 335 997624
898 84 828446
222 247 994567
563 583 593303
668 194 217755
233 574 170824
276 480 338580
267 906 262460
158 89 60132
306 747 139862
402 604 339653
528 911 110967
807 9 166666
593 177 656840
263 637 145578
922 211 942305
717 749 269400
460 524 103476
991 657 88139
423 487 221944
619 188 478958
947 844 380057
859 471 737628
753 895 161916
869 535 776666
34 283 452430
774 799 616207
499 487 371442
701 691 785554
765 117 573568
351 402 500799
834 796 915667
366 195 128601
388 137 699740
943 287 632084
434 784 51033
500 827 31027
169 635 644615
654 642 986221
965 607 213645
986 56 792218
857 847 7181
387 914 972790
124 833 752084
141 988 738409
260 648 201820
782 279 955077
877 437 638781
821 947 212866
614 698 467716
621 158 243616
543 328 302029
22 38 111674
212 503 465261
605 495 759650
324 742 652237
881 686 279098
364 853 458773
805 579 154315
189 924 774348
12 458 167430
367 760 214218
16 439 504457
596 32 426158
541 161 802976
324 883 390510
703 17 752646
496 425 311058
931 409 482562
868 532 494355
339 638 755667
352 342 958981
771 797 639472
500 901 140631
223 103 122440
610 180 864156
771 18 265853
621 302 645640
44 924 352343
35 122 67801
226 700 495441
970 394 758971
741 811 712357
641 291 261461
251 474 849608
199 416 960627
172 561 125250
864 899 205565
350 497 384074
844 307 180025
13 615 869527
522 60 949442
146 998 738111
794 389 500892
47 169 161727
553 579 180598
978 632 276512
420 188 580968
691 143 20715
649 421 261216
242 81 751599
272 516 288396
88 479 951255
380 500 147404
348 111 101819
896 455 391469
800 216 182860
964 558 864655
130 583 897981
97 897 628276
873 811 402292
513 939 145322
712 557 675541
454 955 382028
567 620 710969
405 218 126230
930 46 901794
251 556 614611
510 243 877061
51 412 905447
91 334 509242
622 129 438433
925 481 342314
362 140 598438
769 698 245462
868 246 937735
748 948 923085
220 703 351549
313 45 567965
48 169 824401
586 596 611264
481 676 497345
117 443 665972
181 428 142319
988 755 464654
149 751 431463
473 632 97571
213 428 476968
703 445 924695
103 450 876705
880 288 22034
292 892 377661
864 950 948315
39 107 949902
258 464 29909
384 254 359976
236 257 419546
689 835 600130
345 364 328467
654 868 906674
437 103 627089
828 599 731233
961 615 875300
429 960 999813
825 719 796494
232 408 774931
973 124 998433
106 426 155390
137 526 276285
536 502 947131
10 200 653782
670 807 758034
289 488 466980
867 961 368488
455 614 74569
667 658 351870
758 615 857711
274 213 995362
882 2 397734
787 884 269696
90 275 385029
326 235 255589
595 110 111268
703 248 146950
986 484 589025
62 974 803900
514 962 908505
161 754 611110
634 71 437609
328 685 567197
18 492 167218
281 533 895262
443 360 59252
699 918 240826
80 484 797375
203 387 621655
836 477 904082
872 881 383198
18 416 810358
568 627 533327
240 49 654309
338 336 657678
192 460 576467
471 393 961946
248 869 835743
670 252 788676
42 742 652738
579 77 203002
824 665 995791
712 43 776563
679 654 555022
556 199 610074
94 533 2483
37 721 501478
477 190 592845
77 5 307643
214 124 817063
638 254 725712
143 861 139110
525 41 300317
925 651 33774
242 121 262595
680 98 750348
346 646 209600
295 122 571391
878 782 312788
147 361 160504
781 395 475420
375 283 405198
983 955 277645
358 744 544399
478 299 70807
178 582 823925
199 52 509859
949 262 406234
132 808 818685
129 293 315457
723 755 790208
413 967 764214
462 811 291114
20 983 778535
677 493 915871
118 650 394743
858 556 673692
111 256 609116
862 642 282694
575 814 704424
30 591 240551
68 855 663105
541 722 760085
874 992 853970
769 655 756519
269 118 299198
805 589 784487
54 780 41493
119 995 567840
553 282 704129
585 927 931853
153 940 611556
55 960 645019
408 313 978661
452 370 325070
495 680 611281
792 744 745885
922 528 925078
779 945 422060
559 977 887146
763 520 121339
560 980 35594
734 248 459312
832 665 188166
699 824 541387
681 471 679103
57 913 649620
606 783 207052
376 579 495191
529 985 549757
649 923 336839
591 676 435239
473 916 734080
823 680 202200
779 16 931879
797 9 872800
999 841 745152
539 235 229916
222 948 187006
956 740 571446
795 963 107136
630 533 739593
502 814 617088
437 280 133720
984 35 717739
389 719 287113
277 699 911302
65 57 833878
529 28 857633
534 121 647897
750 993 238195
209 388 324569
780 423 952562
588 628 329989
102 160 757519
901 401 514756
610 604 63492
253 192 210366
226 569 530460
782 825 407458
96 422 579145
178 641 599619
106 721 4293
642 790 238124
452 568 581633
878 908 841799
877 853 654752
517 994 362646
866 163 204628
766 95 13232
323 331 142819
697 776 1740
917 582 115327
134 410 594240
361 477 998188
617 653 877539
940 849 979
221 138 536305
528 870 270787
456 100 907325
447 305 944270
437 574 458521
527 333 546322
134 352 853055
78 71 695198
183 35 22793
571 14 136654
545 819 951571
499 716 602522
743 89 378565
483 47 490698
640 443 496047
536 257 435136
850 152 282501
305 472 130044
61 394 837074
910 880 818995
496 54 680052
622 594 214337
998 572 614478
695 244 649295
603 798 639406
704 748 738134
827 888 114262
611 548 634051
330 741 844704
41 248 335780
294 179 258115
863 653 940232
483 358 40559
933 894 804069
498 896 62341
490 631 462592
91 104 816238
315 591 94639
104 919 843113
69 198 27884
237 370 370615
297 182 97305
980 209 548357
906 332 601269
180 220 448809
845 234 920920
215 623 571871
1 131 120847
583 907 943593
686 161 398945
548 946 885212
781 59 653302
256 301 427485
64 312 690200
629 396 582046
407 904 975859
677 247 976751
855 766 410020
913 607 32112
261 264 843359
962 730 625496
225 514 196400
764 692 283016
779 11 274375
487 108 61071
978 879 29843
557 340 516198
714 274 950159
690 417 342617
55 891 590027
866 53 284071
200 148 95543
509 899 729980
609 839 407177
935 545 215671
109 232 287598
663 769 686415
63 184 131490
357 34 423324
657 781 203933
411 878 52070
49 452 379924
956 242 768548
326 505 644507
109 571 867660
321 974 968955
476 783 103651
210 301 113607
309 871 263631
422 18 326745
245 21 370195
71 120 444719
989 587 199019
137 231 32164
946 519 531578
543 564 359275
338 169 90842
483 256 968054
993 121 28637
967 1000 9236
567 938 486515
27 562 913016
132 989 734867
29 721 380404
46 834 616842
488 838 692301
20 297 779482
944 349 589429
734 809 881667
794 132 400909
115 365 261701
930 186 992961
274 920 54219
818 40 426476
395 961 389627
176 435 306217
73 864 133727
511 911 540752
390 230 691772
920 276 210430
668 595 264279
569 972 203682
802 932 990396
404 253 992632
753 203 925915
964 775 549692
17 103 176226
968 316 160487
960 369 401289
407 374 37439
920 400 150048
60 794 67115
639 898 754747
295 208 636725
22 287 229097
746 139 400739
981 309 624250
557 953 81804
427 647 683452
480 923 351936
880 621 178949
807 277 515110
109 59 809917
166 531 432960
444 394 873873
547 307 834338
782 243 415436
362 144 132221
469 452 801097
438 398 580145
461 153 403752
725 997 246640
191 246 469186
269 609 678591
295 105 989375
303 685 207523
597 468 203745
436 151 128811
288 510 200713
520 103 863976
13 296 470073
916 560 223407
198 999 229746
963 77 522793
754 700 728565
302 912 507647
820 783 593620
159 996 739878
599 96 188244
612 219 994081
733 633 922530
833 613 107524
214 644 887019
519 627 849263
293 812 287109
171 956 600444
564 773 797442
441 844 97136
794 191 110209
811 117 302655
740 153 618486
504 256 858436
634 723 781004
557 512 454997
789 726 707314
573 674 252517
110 220 898937
606 977 883771
607 680 905615
93 360 7128
179 249 97330
196 225 771451
94 628 864740
693 363 778899
734 822 362475
244 26 223191
27 717 9351
548 203 46622
322 861 108496
624 293 106646
64 690 695681
100 372 439447
575 292 662362
220 459 669177
466 33 276754
196 706 852480
883 319 845791
720 504 779986
331 13 610979
584 16 866288
604 81 775479
719 481 581634
393 355 862866
376 300 667747
232 646 325854
820 669 814146
682 746 122571
771 16 913268
926 616 515002
526 864 38539
128 61 694126
907 386 322145
577 192 538962
62 517 54817
685 891 510438
891 53 115134
639 303 209536
510 327 106062
580 405 372613
587 462 511879
509 197 101034
338 280 849285
333 925 515723
684 694 747240
984 172 352419
592 652 63436
499 959 607182
484 315 514423
9 882 862165
898 369 597927
220 332 303070
537 347 798639
527 873 500072
446 123 971617
386 775 324335
616 126 894989
596 95 104311
774 217 119986
952 767 971734
673 204 539931
229 408 466413
870 124 112721
64 829 557325
486 280 353632
412 876 334674
492 444 417961
638 438 27632
378 987 578388
769 200 236819
320 261 364706
181 276 190894
920 940 768257
292 189 296542
429 380 986520
163 372 52059
380 121 724909
92 484 523354
974 272 69588
986 443 977333
662 800 596300
846 226 730883
624 956 529333
202 511 388136
112 103 188170
588 937 799460
504 439 475848
64 430 467334
738 734 693738
897 681 795774
801 22 240085
552 472 881743
135 848 931981
48 71 350075
881 502 40970
983 342 949077
691 390 110363
314 800 746344
715 813 885785
236 262 71955
201 345 464600
493 526 5304
926 850 416019
227 512 179987
248 934 536929
231 306 189790
252 867 138873
540 29 335461
948 239 679702
136 812 359425
300 145 398634
320 101 174782
602 999 634188
303 890 485037
694 311 275558
915 852 157532
181 524 773243
230 254 399991
886 366 991263
962 64 880954
883 478 853690
867 119 471619
