2000
60 4 833245
91 26 647894
81 6 27534
73 56 786625
70 3 934941
31 88 563607
46 41 35931
11 47 266797
11 90 386527
32 87 127543
1 45 37402
36 49 331079
73 23 266003
86 100 169125
51 93 426321
22 82 128237
43 79 425234
60 45 906373
37 48 340292
84 94 137344
13 52 773644
14 42 791306
24 22 253881
66 67 420965
34 61 780272
51 87 181688
28 26 259040
70 56 848176
63 68 921091
81 82 878898
11 36 204558
76 55 446706
36 25 319411
92 72 207724
41 89 878131
36 6 37820
95 88 792340
13 100 106642
41 7 254809
80 53 57791
98 93 214168
41 48 50534
49 15 71434
48 2 207108
55 4 970634
83 24 980131
70 38 582217
90 83 537286
55 57 929715
55 6 901083
17 38 398487
99 50 943453
57 22 330847
73 52 76032
87 35 253620
86 22 945226
57 25 829279
46 33 930755
47 42 78542
70 48 518222
5 23 12190
46 22 827405
79 23 386400
92 86 27974
11 49 476309
73 67 631027
71 4 885921
46 22 703949
59 27 812332
48 25 232716
32 78 807646
15 99 888428
13 94 283659
3 86 605107
73 67 178035
32 20 772370
15 84 178806
61 89 532819
37 16 490640
83 37 942732
20 16 251657
71 93 711262
79 62 102927
45 6 557481
86 9 27339
36 4 541547
17 64 31259
32 98 344888
29 56 869762
81 86 673723
17 2 640800
32 27 906968
75 45 184052
60 30 817198
17 4 126368
90 74 184614
90 78 207397
14 42 573962
33 18 707057
5 85 422549
96 77 603258
99 38 781477
61 62 469609
10 89 775315
9 45 894111
15 4 691674
52 77 353641
33 7 806257
67 56 31118
43 23 552754
67 59 904969
58 75 289846
68 48 148718
71 6 970674
3 50 69540
70 59 896491
55 88 410415
47 87 475632
12 22 483122
86 76 135558
3 67 408389
40 44 139271
52 4 814755
92 33 45446
9 16 976063
20 99 115219
8 25 497627
12 79 539450
84 6 991925
11 96 672517
51 98 75193
27 79 447627
29 88 705225
70 81 777621
66 20 134996
58 79 20754
37 19 993283
43 69 315131
34 54 966423
94 22 939564
66 28 856017
69 42 882441
34 57 307043
1 93 538991
99 100 357905
17 31 214510
86 15 228200
63 99 882887
44 71 119549
96 42 803574
46 10 198907
47 98 483313
33 97 519650
53 79 539978
9 6 878600
81 72 122529
32 9 844124
43 82 613687
34 6 733707
69 72 881259
27 23 729451
64 100 361000
88 100 692286
22 35 64784
49 50 958611
34 5 370380
38 57 957938
86 19 744701
32 65 33176
17 87 820164
50 35 255273
36 65 745904
9 79 35143
65 96 988551
99 42 793520
10 15 203312
84 98 980489
52 57 765132
19 94 590433
44 87 221762
77 98 958431
12 9 845747
99 78 348601
8 18 869634
32 35 950891
73 15 156169
69 84 791907
24 23 597729
86 99 80020
55 7 968313
16 88 400093
51 50 419523
43 99 805396
53 4 592186
91 95 577803
92 48 446020
32 22 702811
76 98 9633
91 36 674255
47 39 85149
13 77 415989
29 38 400731
56 98 858951
51 25 980892
1 21 237237
56 30 208563
70 23 50242
9 4 514551
72 38 179731
70 84 725998
63 35 163725
17 85 75399
41 25 212850
39 23 505823
90 77 633504
15 80 436449
17 39 178609
61 46 116229
76 84 42072
96 22 635644
66 86 706067
8 13 459364
1 46 220461
9 68 256837
12 94 176518
90 68 54632
74 76 201080
40 4 278565
84 71 318083
40 62 186820
60 4 621149
83 75 375944
95 44 649553
64 35 60189
87 27 120417
63 80 463100
60 50 543244
81 6 102670
42 18 399853
34 95 421067
63 38 93676
65 73 896024
92 31 995798
18 22 644889
70 80 386201
56 78 784237
80 50 350888
30 79 797887
17 75 537300
92 46 485891
9 27 327420
61 83 765942
32 90 547769
66 56 467635
26 18 466835
1 81 507381
86 48 635134
87 6 192301
84 13 846773
28 4 176196
8 66 62398
70 72 534902
13 82 964196
98 45 751619
20 52 259806
44 22 202470
11 22 218817
12 4 835562
36 38 193314
48 93 108097
65 17 78427
41 35 774466
80 9 108098
22 2 340024
97 23 314896
51 75 732552
28 88 539241
90 5 733484
41 39 803323
97 57 982345
15 80 59809
10 75 992766
97 77 445862
71 57 473994
76 100 82591
47 17 687084
91 74 33286
64 93 952130
91 90 643168
75 2 870924
51 87 568440
52 16 969899
90 93 440407
86 13 384787
86 18 351985
74 85 75995
56 18 725265
87 39 271149
3 83 745825
3 21 996088
69 26 962339
29 21 580519
83 29 425776
31 38 246441
75 22 687572
64 2 445445
17 13 280113
29 2 91812
33 15 317480
63 86 592691
20 5 421587
33 68 118928
91 95 845835
66 56 196723
66 2 76629
98 6 985388
16 31 797638
98 88 878720
9 48 568691
81 84 602329
76 55 652018
66 31 46627
96 38 248107
88 54 826168
38 6 725658
94 25 21036
73 86 329825
95 3 811258
12 41 652224
45 22 998176
43 39 664019
12 94 522310
67 41 438918
95 48 515307
34 33 596536
31 79 557506
73 49 578943
17 82 431957
22 82 21933
37 19 200131
41 62 257801
13 98 125012
33 6 618835
65 26 969239
43 31 494608
32 99 660517
84 31 493042
23 50 166207
75 18 838075
78 82 525034
83 4 275028
92 23 387640
26 27 960745
19 6 505110
17 42 66594
12 74 607926
1 32 87903
36 28 868263
94 38 656155
95 93 909356
37 30 658521
76 52 867289
36 98 700752
64 31 278675
60 5 804399
20 29 895773
77 4 552186
87 27 30497
44 79 18094
3 21 212344
81 55 78643
61 63 603989
83 72 49400
92 24 343063
9 21 450810
90 67 983658
67 100 839891
49 52 111745
43 51 442222
1 27 504823
49 27 92713
51 28 725840
46 10 682747
72 27 890337
11 83 18405
36 54 810760
73 30 975348
36 4 933291
74 62 884243
32 67 770083
11 48 903541
33 87 213030
3 77 626939
84 6 641717
74 31 783618
40 6 789494
56 48 157022
65 47 130543
76 55 155250
55 93 979079
40 6 989878
28 57 511725
20 83 117037
55 89 192403
87 31 82922
13 42 825393
31 21 98741
80 27 289214
58 80 566281
97 85 850695
33 71 214625
17 30 453681
90 42 693532
3 17 200149
91 47 706158
32 68 208993
27 100 777182
12 10 300064
58 83 286062
60 38 198484
61 55 30720
49 16 384620
32 89 244316
70 72 697526
52 89 947436
32 8 790656
58 41 594456
46 7 641460
40 82 73434
47 84 708392
63 83 385953
49 99 41462
76 24 415179
59 6 798648
70 77 737112
87 62 722747
11 88 912094
49 100 211527
60 93 774426
11 14 486705
18 54 660398
26 85 733643
34 13 221771
65 47 827887
65 40 840726
69 98 464556
84 4 419428
32 71 300530
59 4 418407
43 18 687601
1 70 604000
22 78 360835
57 4 436247
98 38 386002
52 100 618566
92 93 775429
96 22 490364
12 18 254233
66 14 754445
43 35 462234
66 80 698012
84 28 612832
92 28 453124
36 89 415412
74 47 173672
56 100 14021
11 47 909101
27 71 881434
14 98 32493
37 22 26640
96 89 798973
1 9 742267
74 25 268860
43 24 195921
63 50 494756
93 6 913492
4 62 689055
20 85 591336
13 23 80863
91 80 761281
65 78 827078
3 2 513653
1 79 446722
99 27 40755
3 6 940806
25 2 945400
46 33 209091
19 31 506579
32 89 713372
64 27 170250
77 56 953368
61 59 31011
65 43 159545
32 16 118747
60 28 575193
9 64 725746
61 70 679672
66 37 681549
24 49 68941
70 85 813113
8 62 634482
78 82 857066
77 5 931788
40 63 155632
1 19 634925
8 19 352910
89 93 470388
96 77 5178
8 39 276068
20 86 362431
73 78 899118
72 9 350373
26 98 307145
84 67 438452
95 45 640279
43 25 851786
66 92 160205
70 6 850659
19 78 469776
76 24 81739
52 55 836633
63 99 674695
36 66 201174
94 57 252365
23 50 865343
62 35 605945
70 42 668948
55 22 852562
96 71 246419
48 54 838113
49 80 280171
74 7 135139
51 33 253266
44 92 340374
64 94 115873
59 23 252567
44 76 526562
65 21 953982
40 15 189195
90 64 724053
46 52 271970
92 38 28671
55 19 248965
71 89 851306
6 25 321975
21 39 760590
12 49 450502
84 94 26816
73 93 884000
30 54 910220
75 56 56490
45 79 569640
88 22 957155
74 79 790340
33 7 370673
74 97 751060
8 50 775234
8 65 632088
29 100 486279
86 28 350334
1 81 885813
29 62 977923
17 63 917931
16 27 660797
73 26 865215
43 75 400438
28 94 167072
5 18 52637
95 42 868977
3 37 31725
85 94 37301
96 4 524340
81 98 338338
43 15 27880
10 2 392010
74 36 731209
90 44 802300
65 87 763551
76 100 456223
74 58 740530
43 9 836363
86 98 417703
12 54 757191
4 62 66015
49 54 890369
33 56 219424
40 97 769349
76 14 857908
17 5 331954
80 14 139249
32 75 127623
52 85 473226
51 35 142892
28 37 352188
88 35 741235
97 29 309436
34 83 837798
51 13 883813
10 54 208423
58 68 474576
26 82 890201
47 17 995308
95 93 117292
34 29 263894
96 54 462161
37 45 708272
74 8 648929
60 24 902828
49 59 451453
84 2 74340
16 7 334567
64 55 918651
24 52 86478
8 15 556537
94 100 755143
90 10 337744
70 7 11777
8 70 210625
56 85 812809
96 64 445615
69 57 252464
69 93 946500
49 68 273266
20 77 711111
49 15 873738
83 38 268555
36 96 426359
30 22 260855
38 57 768882
40 73 938626
51 94 997872
46 97 153637
33 88 249511
97 25 497576
56 94 791742
12 10 356064
9 31 361093
44 84 913722
90 41 383024
27 39 459212
72 29 584888
85 48 662229
28 41 537818
90 53 67232
69 5 337497
11 77 143615
26 78 455919
92 20 261511
60 4 755805
56 7 134801
12 43 414568
64 85 790892
65 40 185302
87 14 184276
34 46 998837
20 30 973650
75 41 384226
63 15 376155
52 22 22379
12 2 682858
61 97 531946
44 88 835267
47 30 712029
45 50 148743
65 70 946537
80 45 597921
60 78 587176
69 96 140883
43 55 600120
47 28 848648
46 18 287092
46 24 34004
29 37 806620
13 5 867841
73 7 644690
58 55 265080
17 37 937496
47 97 978540
97 26 387196
86 53 245768
36 87 462415
91 96 586374
74 2 904180
45 42 511770
85 48 313621
46 5 977431
69 45 740975
96 22 718460
10 35 86434
61 88 703279
12 73 415943
81 38 224500
68 67 507586
67 52 25997
86 39 620819
40 2 569061
90 47 849102
72 67 289388
12 17 552842
15 54 451767
16 4 88888
92 29 595300
85 94 876661
92 20 445063
20 71 975008
61 54 394663
74 40 543119
16 2 991608
29 38 210907
3 79 379845
67 64 351211
8 37 779211
18 93 63822
49 85 382667
42 19 635769
86 28 984638
4 2 168704
47 48 881544
17 66 761291
19 88 263338
67 31 643198
5 37 727206
29 18 273107
32 75 97671
51 77 285978
36 29 588423
20 13 700050
47 25 519956
65 29 605655
15 39 176491
48 71 584803
27 21 60350
34 53 886272
67 85 639255
32 17 548147
33 98 149927
69 31 592213
76 5 741966
47 13 188765
61 5 511708
47 88 978609
11 32 48486
8 36 698728
24 64 517100
8 30 249252
44 47 368146
84 54 22913
69 87 79659
54 23 654739
33 58 62848
69 24 830934
79 57 367961
63 24 13252
93 4 858563
92 25 799376
51 77 23002
34 88 514655
95 97 505231
80 18 693224
54 23 272979
49 84 699264
10 63 57813
58 23 798898
12 94 438854
41 26 601478
90 27 59615
43 27 935751
83 94 370544
24 39 455938
13 31 625789
92 76 573964
44 46 419289
66 16 21661
11 42 110843
87 72 223040
98 25 359651
88 100 802814
58 19 546301
36 100 563662
15 82 14031
60 89 417382
11 76 454333
36 89 270964
83 50 417027
25 2 674232
55 48 718086
31 38 658921
39 23 18335
41 98 152975
1 34 209784
46 9 730190
43 98 886951
36 53 538161
84 27 421097
59 75 840475
12 59 123587
40 29 758017
28 94 993184
9 29 769299
76 49 52184
40 44 672519
17 56 911166
52 99 162421
49 41 290106
81 54 473754
8 16 167771
80 21 89980
77 25 791618
84 7 545491
91 87 103070
8 89 443804
34 100 78685
87 21 659167
43 99 149652
36 80 762610
63 87 749593
76 45 242212
84 100 84423
90 30 617579
98 42 132125
61 25 651154
24 41 97671
43 68 181008
66 93 701138
87 99 837422
12 48 248422
81 82 400370
46 75 158009
43 17 980834
31 62 732433
33 82 856375
95 90 865237
63 53 524283
49 18 602067
33 81 166277
11 83 628773
9 38 429358
36 92 445155
7 21 317140
43 19 781821
28 78 986319
95 10 85093
40 57 565006
59 94 72131
59 78 561394
17 13 269873
64 45 891821
14 62 39335
97 20 892063
92 99 224602
48 99 441686
98 22 57315
34 10 85936
48 99 504086
47 20 250315
14 38 558719
44 39 144303
34 23 560234
92 4 363272
85 31 203495
61 31 151384
5 28 626922
96 19 19567
61 91 931472
74 52 541137
46 78 998480
51 64 578255
58 4 448770
61 11 407377
49 21 666599
43 42 64196
80 39 309258
33 54 337119
95 75 721507
74 82 696617
34 23 391466
84 52 18241
95 21 308274
17 55 292438
11 23 516585
43 87 650854
56 79 925746
7 54 809262
47 60 42607
10 83 834358
17 6 288945
96 37 485164
65 39 289420
24 7 79328
63 81 93880
70 89 297115
96 100 899543
58 28 202622
3 100 693656
51 53 720602
20 41 299287
5 78 833657
43 82 786615
11 46 540532
91 53 597184
90 68 52072
31 38 169065
83 26 860912
77 38 193009
91 4 346746
31 93 839535
20 77 572167
11 99 782091
69 35 558175
43 62 648097
34 27 297471
9 4 812855
28 7 520691
44 81 951585
84 78 704303
13 22 559991
7 19 240396
97 41 633270
43 15 101096
68 96 716862
59 7 774934
46 76 441929
74 4 764980
5 50 922205
14 52 170277
97 80 521511
3 43 546291
14 41 756702
11 50 660776
12 96 692534
79 18 743263
19 6 626390
47 53 885714
44 67 839470
76 27 750273
63 20 111156
67 59 613513
80 26 597333
13 28 378027
65 78 705606
73 57 882892
64 41 778139
92 69 442049
80 79 446729
37 99 225882
77 50 776617
90 35 960498
49 19 159199
69 35 48607
35 6 31865
91 36 215439
14 79 931736
80 41 462159
56 42 482980
74 6 474757
61 43 832648
79 21 900595
63 78 138944
28 6 432213
94 78 691439
28 71 30115
9 31 672645
61 87 215854
61 80 991569
56 82 766807
43 56 355872
11 41 286735
9 14 678447
11 40 132564
1 83 626782
80 19 341876
51 38 873611
40 16 74157
48 23 462260
1 55 30440
94 25 603436
43 83 330478
66 100 13176
46 22 23373
74 25 931196
65 54 7576
11 4 451705
19 2 191429
90 10 725968
34 81 432573
69 81 994954
3 77 316987
64 48 558401
3 13 837766
84 42 271846
91 65 141759
37 38 940287
34 63 387717
82 2 736011
15 5 855596
81 26 415065
68 67 993858
51 33 468562
11 75 347693
53 39 88011
23 50 348223
44 26 271610
44 2 92574
37 56 732070
13 77 795381
8 86 206033
77 31 421448
91 69 140467
92 39 655961
63 27 948282
95 54 606412
70 83 134078
36 35 945923
62 6 153138
66 48 357457
51 72 964408
5 57 51351
26 2 828196
44 17 502910
4 39 169937
81 68 293515
76 29 431960
9 25 502719
59 64 685474
55 37 925250
90 12 265328
40 77 67691
32 18 933506
12 42 828652
15 100 425981
5 31 174908
29 27 9193
54 57 912140
8 78 166622
66 30 371558
65 50 645482
67 13 560065
11 65 230398
17 62 106559
5 4 824302
76 98 162913
5 89 553271
65 72 354399
61 12 694112
53 30 540811
61 21 633549
21 54 547290
45 93 451541
91 50 282089
56 79 142194
60 96 151465
72 22 20708
28 31 609042
61 12 496544
45 4 689560
55 16 578066
75 39 395677
74 8 868065
95 50 336542
44 94 319418
74 73 216977
40 97 23813
16 56 513814
24 55 423143
32 13 904484
5 93 19243
44 53 910308
44 37 739414
72 6 835245
91 75 344942
17 18 509263
27 88 904736
3 81 874040
85 35 557041
63 31 418243
3 81 958392
38 4 725385
52 98 965384
81 71 499676
77 78 905413
90 12 673776
9 29 58835
34 6 82955
59 31 476085
64 29 75105
31 35 287946
38 78 914388
5 25 680374
41 71 473417
47 55 73858
43 96 843342
100 54 950650
61 45 75186
11 70 417447
98 100 70654
95 55 112613
16 30 553353
75 18 929723
82 62 315626
17 37 928280
18 88 413110
17 37 742488
38 6 82330
68 55 279208
61 88 601967
17 84 936572
9 50 151590
65 59 776852
93 21 37254
60 79 122157
69 29 895971
11 56 642647
65 42 871613
70 60 80117
21 54 393242
97 84 594300
12 71 270409
5 6 954687
69 83 32179
87 24 593451
87 16 771940
66 98 209850
24 25 249081
29 54 933889
73 77 393705
90 60 819389
55 38 444033
11 77 891839
84 53 542250
10 31 485080
91 92 613170
13 7 67806
55 98 886319
58 4 75650
10 33 69320
12 48 609382
79 22 592952
27 25 470531
56 30 812595
79 50 914463
87 89 38309
56 62 132353
69 19 42114
86 94 460702
69 83 302067
33 14 936122
74 2 83444
90 14 204434
76 79 515340
60 85 169988
42 94 722714
74 26 26640
61 94 251110
41 79 371642
1 8 308511
34 95 842827
28 38 977275
76 15 154402
75 38 458371
28 22 888204
1 87 80342
61 32 904311
91 66 579045
15 37 383890
20 14 716217
92 15 819566
36 93 275560
28 30 282133
86 62 616097
34 62 288921
4 6 624337
73 78 418542
69 55 880637
41 39 347707
76 4 916348
5 55 414116
70 78 316125
69 73 871332
46 84 210913
49 99 821302
75 16 100628
15 98 780351
98 21 48350
47 15 907698
44 62 137149
32 33 891985
87 5 399918
96 14 122988
10 29 580326
81 60 305824
43 87 593702
56 30 972211
9 85 344606
76 59 162389
63 75 507113
74 75 977064
49 54 11585
3 77 789883
15 79 348842
46 87 331113
13 85 713302
67 52 922637
68 27 966135
38 79 484697
28 37 6140
36 2 118123
5 50 540893
32 37 392139
1 75 529446
44 66 133193
83 67 354596
40 39 544246
14 98 426925
51 29 727856
54 23 535955
59 2 146215
70 72 283638
1 56 519888
49 56 962562
18 100 788468
51 59 174829
59 79 714551
13 5 565505
11 40 284436
83 96 499168
8 55 166089
3 45 467165
50 35 856297
72 82 149009
74 97 351444
67 6 816961
32 41 187753
29 27 202793
1 21 233653
55 88 890607
29 42 167718
95 79 577983
67 54 822669
76 27 297665
95 79 790591
90 78 144037
37 18 162359
87 55 414098
95 13 912512
80 13 367178
11 86 658999
83 76 552408
60 25 361573
33 29 40606
12 21 481453
69 29 127651
90 13 663915
58 54 101983
18 93 10382
90 67 397930
65 67 474955
17 5 807858
52 79 192243
88 50 467018
80 9 832450
80 50 479336
60 59 564854
76 79 53388
44 98 714947
63 80 158844
80 7 885928
17 97 864064
73 99 93045
95 71 220686
86 50 366385
99 100 68305
46 69 275326
59 78 655346
46 48 369345
52 48 26783
92 38 659007
36 82 944480
87 58 396442
80 14 846065
42 100 262177
66 73 706290
77 38 204977
13 100 149778
15 59 350835
61 26 377062
40 45 87053
83 84 36528
46 58 738947
91 28 579510
66 48 459345
1 29 288846
67 27 603765
68 13 581379
61 82 169151
8 99 970469
47 24 183643
23 62 678191
30 79 220031
77 94 518038
13 78 21882
49 55 695066
82 6 272796
59 78 15602
11 58 934391
18 6 437730
45 38 777359
64 27 817802
20 23 365041
43 79 933202
1 94 443086
9 85 336094
99 22 580854
70 43 657744
57 4 2967
85 4 588057
75 25 596308
80 93 500662
95 59 950216
40 15 310027
16 22 755648
1 30 289859
20 35 384089
85 35 553393
10 64 273285
89 4 149879
46 99 466647
6 25 854199
66 99 376935
86 39 72019
84 57 599949
10 75 705022
36 83 477591
86 94 784542
46 81 437192
100 22 293029
16 30 719049
60 50 789260
10 88 945839
13 31 887741
58 73 161695
37 6 307033
11 45 600481
11 19 189684
47 82 615681
55 30 132763
68 48 294254
91 39 350667
70 75 226054
87 31 321770
32 85 69370
5 21 18865
86 28 480190
11 46 165428
86 75 992502
8 28 895055
34 31 215880
26 94 205952
37 18 544375
87 35 949364
46 97 325029
94 89 554157
10 60 559981
60 50 984972
84 42 758950
52 31 254129
46 93 281794
49 71 558787
66 79 717541
63 79 932229
10 99 593692
68 94 688590
69 86 479237
92 31 85654
10 6 259803
40 70 514899
65 19 461238
34 62 871897
30 27 522164
65 4 649275
66 29 34033
60 38 545556
20 37 31801
70 62 884913
1 23 122722
97 25 88424
1 6 107395
52 30 724916
12 18 440217
66 92 82893
92 79 331288
34 77 866688
64 94 737569
12 4 120426
61 97 868970
51 67 733156
37 41 604254
67 16 387320
99 98 501715
32 71 136818
84 78 2735
51 15 597434
53 59 393811
73 27 161384
32 80 48090
13 99 954689
49 75 578136
4 6 199057
10 59 784227
70 23 570882
38 35 14049
93 82 783608
75 16 965972
59 39 894520
81 75 587185
64 13 61462
12 81 151149
65 63 286086
3 73 796242
74 57 715037
66 38 36044
53 57 829859
8 25 516379
58 53 25160
10 73 829991
95 59 479432
44 56 846396
28 18 261043
34 97 103322
46 57 872558
90 89 236195
12 65 597871
76 25 360068
76 85 686627
95 58 76589
100 71 603004
11 95 748426
32 22 301019
52 31 317361
66 97 110709
16 39 733513
43 35 158490
30 41 639429
92 5 140250
30 79 218687
48 99 766358
52 62 608002
81 60 627296
20 76 937669
97 26 929596
33 85 973097
49 42 343142
75 52 736041
8 82 667080
74 22 755260
32 15 926841
75 93 236873
61 8 141943
76 16 590724
15 53 954016
37 6 734233
33 38 789369
70 6 806563
66 4 362965
32 91 342617
42 62 430365
69 39 909976
21 4 341693
11 64 884788
59 79 518327
28 16 417548
76 2 290044
92 88 96685
74 71 892883
80 89 184514
70 64 868109
69 33 906117
49 31 548018
61 43 472136
28 45 505196
17 62 975615
77 98 79391
51 15 962810
85 22 69985
80 94 152789
53 62 323929
46 54 799778
33 31 268752
64 21 366088
5 7 864605
83 22 505244
7 26 966893
63 29 9105
74 29 803216
44 59 805879
53 100 740253
36 19 566246
44 45 69702
43 67 845330
87 16 254756
60 87 825473
86 5 244052
96 5 904902
60 45 934597
84 82 793305
52 39 654772
20 26 272221
32 9 203804
38 62 311720
70 98 396151
62 35 184825
16 2 952184
81 18 415212
67 23 12960
29 79 801652
41 93 409959
95 46 91114
96 31 834626
5 88 753363
60 25 680549
18 4 163537
34 84 60758
46 20 937988
61 10 910080
1 19 289069
14 57 56049
73 94 918527
66 21 12696
75 19 382279
86 89 962379
66 29 331185
91 13 156555
34 46 105013
70 64 699981
65 80 84162
36 94 184263
93 23 917043
37 39 663321
80 54 581398
20 26 710493
64 28 636737
29 54 833089
43 79 841170
65 26 668183
91 12 719184
46 35 825757
70 88 114871
19 94 800993
98 94 223671
32 88 950584
29 13 118325
98 94 776503
68 57 980891
11 100 664284
29 89 307245
46 33 748931
58 28 872126
56 85 539849
11 53 906111
24 45 435929
67 13 27457
3 59 86030
11 24 226952
12 59 569667
26 93 410977
66 72 510393
72 19 519831
47 5 212638
33 42 724228
14 31 345942
28 100 584871
54 39 826804
90 66 576645
7 2 655569
5 71 89357
44 82 291667
44 87 186818
21 50 276140
26 62 918851
64 55 777787
74 39 509765
74 96 787712
61 80 856401
48 94 480352
28 31 258002
34 6 322123
32 83 85439
40 67 574453
92 56 931622
9 54 858324
43 21 695301
86 59 709659
46 15 252395
17 68 259502
61 27 315151
90 64 982549
36 21 237230
30 23 12191
68 82 954663
34 53 135040
61 10 679040
4 6 793041
85 79 718057
76 37 310324
8 69 296332
33 6 864211
1 26 178638
24 89 674682
38 88 623726
94 31 741618
58 15 833576
32 6 371300
24 94 807245
13 7 510750
63 27 957370
53 67 716298
24 52 272654
12 81 589933
63 41 39435
32 54 328624
33 37 620154
7 45 861817
46 19 509760
20 71 477152
46 5 53591
74 59 607309
52 2 937443
95 82 281636
87 64 307607
16 31 785734
72 77 883234
71 35 611833
85 27 519838
88 78 27942
84 21 664935
43 18 511729
72 68 394154
87 15 940226
51 6 496357
76 67 524364
13 16 954615
47 60 704687
5 41 16772
47 53 694098
8 36 464296
59 28 359843
52 88 900168
17 83 423884
17 5 835122
1 31 493056
15 9 455075
32 50 802306
58 30 770387
10 24 208153
1 34 835768
85 42 707099
92 23 125112
17 85 999047
13 62 269390
83 67 417188
74 76 268088
61 2 130506
17 6 87089
65 47 239727
11 25 951169
58 97 801378
95 68 363965
85 50 184392
83 56 691122
80 48 992437
5 41 648388
46 64 759488
32 75 973831
8 97 183667
69 57 971440
11 77 163519
88 100 829118
90 59 472563
47 63 674263
54 39 459060
49 75 950360
15 7 73673
68 28 943598
73 2 489571
96 54 47633
16 26 139220
55 88 178351
30 82 877732
12 94 300294
33 96 245646
75 2 656076
48 57 230637
97 31 210606
30 48 261611
44 88 586115
86 88 629223
83 96 150560
32 86 433617
32 48 975759
9 75 884523
33 25 969354
40 48 423073
51 58 485138
70 47 395846
70 45 972026
43 15 507304
91 82 880559
22 2 120312
17 79 874160
90 23 183498
48 98 20521
37 85 656879
51 33 609106
44 5 250224
96 19 51311
20 56 634463
76 80 316675
69 15 892013
69 100 766122
49 26 191936
75 50 872059
73 86 707809
38 79 202585
92 98 637229
85 25 179617
53 41 390224
63 4 139125
97 77 899622
75 4 887436
8 41 858025
65 73 655576
26 4 911524
61 28 312518
66 18 339396
27 39 324620
51 63 802911
90 66 201285
63 81 436792
50 22 189913
89 57 136032
58 48 888126
86 88 732711
44 82 817107
13 78 832378
92 45 415984
48 82 316409
54 2 424995
90 80 345761
41 71 702729
37 93 1989
10 7 40377
73 75 468887
33 26 308126
61 54 508775
97 78 566571
83 2 473108
12 60 341901
68 16 837882
77 82 165743
67 4 219760
45 18 600263
75 5 591390
67 88 818517
21 4 110013
32 21 8406
28 71 900451
9 45 734943
87 48 964312
60 38 10516
29 2 101476
36 6 792636
52 77 951401
45 27 315741
81 35 701653
70 54 869999
67 52 544909
61 48 794950
52 35 608187
66 64 39696
12 46 245541
53 75 826350
37 4 49096
65 88 951008
81 39 272014
12 15 90448
91 55 756144
51 94 205424
81 41 721939
50 6 444770
61 18 177273
98 71 10298
91 85 166561
92 20 108167
20 39 832146
49 42 592294
61 89 987155
14 31 681558
84 88 726281
60 77 398563
77 23 614826
21 22 912389
91 51 859878
71 54 364350
88 57 332292
51 23 19460
73 39 342900
80 41 80719
49 2 78564
72 73 648569
63 18 55012
24 79 372737
40 69 101662
32 70 808833
5 16 966134
14 94 445732
17 59 588025
1 68 248640
59 39 254712
80 14 663729
55 88 609327
41 100 992781
99 25 397430
71 57 117642
65 85 934178
37 7 112119
86 18 83633
95 74 71803
91 31 882184
24 84 918605
97 54 261757
61 55 935616
11 49 397653
12 52 381383
51 92 984524
42 35 794646
38 27 478670
61 24 144153
31 93 120239
77 48 438646
32 67 66147
3 51 721121
3 55 598443
72 49 993784
53 50 863401
66 98 289210
86 75 901494
83 19 231695
20 4 227329
44 78 73961
84 19 952927
11 19 123828
19 18 994868
59 25 726511
53 98 407007
53 41 440272
28 55 91194
24 78 952956
1 27 113143
22 82 727661
60 41 305523
61 73 498087
17 46 289435
20 75 319477
30 57 385816
10 75 469630
24 78 940604
51 57 737661
61 57 510771
95 86 718317
55 2 699786
51 44 268086
74 79 908292
61 19 925829
92 15 133294
97 21 587619
61 94 540646
72 89 932069
95 66 740634
14 50 647479
33 55 194616
1 85 245913
11 51 128293
56 50 390225
56 2 615906
7 78 941148
69 71 356454
29 2 130148
80 56 889367
91 65 913279
92 72 113388
42 88 979299
94 50 227539
49 38 658843
91 24 417993
76 37 370484
81 68 227723
44 80 818725
1 37 148330
41 4 1898
43 39 119251
46 83 147249
34 87 804062
91 48 777206
11 64 753140
40 37 758109
18 22 595993
83 64 768463
13 75 150307
43 17 744738
96 27 171193
1 2 40882
44 89 744487
14 84 992548
87 98 490561
53 30 359051
40 58 225443
66 57 995006
95 51 102875
4 39 463185
3 49 479505
27 89 300548
49 27 227625
61 48 551430
61 15 309936
46 93 939458
28 7 163443
28 23 416820
81 28 174713
88 82 693840
14 84 832420
81 86 187515
58 27 14151
68 7 499937
71 25 153065
92 53 560974
43 13 510035
80 9 42818
96 64 191215
85 23 779657
58 93 233215
34 81 420925
73 31 437873
66 25 793757
85 94 348533
99 25 961846
12 51 500246
40 17 864837
13 50 723166
53 2 321018
55 39 404699
12 77 330416
16 100 930523
48 94 439072
44 85 177413
65 94 982743
7 21 538516
7 22 291289
35 6 410169
84 88 192777
57 2 2647
29 93 717665
70 92 171786
79 22 443768
33 31 23376
21 2 786685
91 4 380154
11 59 159634
34 85 578657
72 64 364375
33 63 688909
54 82 840216
100 93 936218
43 56 512800
60 29 416121
27 62 783578
72 24 78763
7 23 68609
97 76 538788
4 35 144408
51 13 128421
98 82 861584
30 98 526164
1 58 134704
12 8 136983
93 62 439138
11 23 958313
95 21 302322
36 92 271075
31 38 487337
60 16 985445
72 23 536076
47 89 318805
48 78 747215
10 69 864515
52 35 754491
33 59 971035
96 56 835026
33 97 101282
66 39 644774
31 89 922747
49 45 520460
