2000
329 519 188576
192 491 168926
823 284 419079
200 127 330427
799 105 337111
461 654 508130
800 713 549956
952 853 496782
648 832 807065
748 663 104394
732 150 883415
541 404 327412
566 508 704345
413 76 623194
873 525 588348
55 897 213532
717 61 409377
213 823 731458
720 829 561953
313 944 923605
475 134 257230
105 455 642051
898 478 807770
3 164 252109
352 471 950963
598 971 617153
774 91 597645
598 201 653858
838 460 732853
239 460 907240
32 755 819547
190 818 714383
354 663 527257
149 104 905247
125 494 277393
799 447 812058
119 110 51894
498 183 307434
150 575 865747
777 451 724085
566 650 975003
181 273 763105
575 533 37248
328 418 949612
156 561 673196
519 741 786345
437 114 387590
956 964 149836
656 106 300448
681 437 528656
79 364 351258
290 469 848248
448 837 705047
830 12 808015
477 51 50399
463 22 93839
995 742 196729
941 739 828464
94 387 173718
638 772 155479
217 39 387535
312 511 977620
376 333 689351
247 33 941267
376 179 809746
185 159 537569
160 174 288183
878 588 763809
817 751 571819
576 527 967607
521 958 176949
148 822 152240
464 127 934740
792 238 849535
568 127 610951
266 471 882524
657 537 367469
702 589 225667
215 386 838575
14 65 839484
756 507 917064
69 15 598473
716 685 894769
44 753 465849
557 94 116331
739 500 799135
996 492 3949
399 577 910225
851 205 438496
230 220 479762
326 210 162301
495 549 628301
305 710 53048
188 284 494910
564 204 822368
117 477 415969
658 553 281492
140 421 334587
229 813 629588
447 235 86464
955 545 988002
482 397 563336
515 71 188219
110 869 880925
141 771 273787
584 596 600005
725 759 323143
489 235 724636
605 255 589788
797 984 125974
442 95 117225
509 394 690048
662 501 27121
339 2 119973
229 796 521937
183 885 954965
212 630 646670
518 862 421084
181 280 477565
728 642 284070
40 485 292653
680 253 577940
292 182 626140
65 186 111948
360 233 689701
326 165 456998
1 515 221043
411 597 60737
903 433 514192
759 890 291487
732 653 767101
91 784 454394
528 203 930424
988 979 685710
281 660 596792
500 866 649900
85 709 994438
810 367 726400
443 970 599598
155 420 933592
587 864 500886
885 211 769972
196 692 78725
841 142 811679
275 362 3710
666 137 655032
148 576 531939
421 940 860512
302 920 519837
733 875 925816
937 686 348279
502 21 504980
766 859 93992
987 249 545804
604 28 97736
402 662 424822
373 82 326437
380 327 862420
787 859 451463
283 854 310343
262 751 697604
85 50 329826
188 192 610918
466 824 50345
123 907 472794
303 852 245156
458 728 226014
963 3 219006
718 78 338731
127 79 512476
60 245 555199
885 718 894827
449 865 646908
865 179 502878
588 820 397957
839 914 721493
66 681 170276
847 278 754360
186 866 628622
292 378 823522
336 191 44970
80 784 467970
868 203 272579
560 907 814581
686 606 352770
790 99 137312
967 623 640926
640 510 157519
459 326 378264
778 863 73064
850 487 340035
971 930 703728
502 891 647613
521 284 290445
621 157 732919
9 344 816398
817 759 597219
507 691 410434
631 38 173278
199 254 180305
66 840 514142
164 316 7783
162 697 160572
56 752 625500
953 673 884080
332 367 228004
443 797 686024
211 605 96531
270 237 319591
541 948 251254
108 405 993121
87 358 216862
632 533 797576
170 399 390489
880 745 712399
549 591 276674
467 983 675675
338 452 989991
598 995 303022
609 629 31100
11 685 339533
141 122 547594
664 710 514030
735 789 53789
493 178 622768
661 926 364944
853 973 136893
335 267 617247
758 775 894139
839 986 142983
727 985 787203
236 351 595369
877 931 748378
955 67 506256
560 802 713421
496 762 961414
51 565 51000
841 253 64095
202 549 576098
238 225 646959
73 983 130499
205 657 38390
856 976 815916
554 646 410231
189 682 364223
197 136 79305
933 199 650738
870 137 767966
546 665 916310
487 100 890027
515 379 908932
498 124 955374
778 395 64562
265 612 145568
387 908 2636
560 726 525673
114 822 801289
33 988 673344
568 546 661112
845 435 279647
659 306 729005
566 371 623220
170 75 231643
491 369 250038
94 739 219521
113 894 405569
244 100 847337
324 748 656050
992 876 4463
780 595 762859
804 749 813377
220 270 476874
148 687 815781
674 198 277101
490 13 976630
606 204 618348
644 927 611280
292 682 860896
569 487 36432
212 2 620826
885 704 743004
412 664 108216
957 23 728335
57 242 597857
140 775 323500
481 580 495428
224 881 977610
422 906 159470
108 380 742276
821 286 852073
365 460 894722
549 774 959092
297 655 769735
811 786 680384
133 602 370225
73 704 820145
579 921 487577
843 172 802851
991 21 937083
990 895 664086
721 174 105523
409 235 864332
118 590 850261
728 997 406145
503 53 834633
449 930 172814
833 99 67019
509 697 666998
640 714 904455
748 409 893565
810 448 203870
109 926 430063
936 618 106405
872 992 452262
157 890 494759
592 994 706970
524 961 121811
80 466 322094
444 48 881998
755 978 726130
530 241 487804
940 639 304714
408 376 840739
594 2 481881
679 341 246928
671 175 357708
624 781 976887
735 850 310965
625 780 26227
730 10 197459
535 881 993393
753 731 716582
621 500 606419
963 917 694933
70 102 93535
439 644 926490
581 578 422925
743 754 619711
736 911 39012
540 5 233184
391 917 401890
147 840 208518
514 510 770492
200 862 607633
339 229 5798
274 344 516270
532 944 314238
206 464 595708
114 102 473482
38 987 229559
249 865 256110
879 154 488099
57 558 732395
695 656 525360
940 41 529860
995 209 577953
189 431 821820
58 884 370732
427 445 695798
154 671 451963
317 541 365139
546 699 405620
169 114 500491
548 930 560295
252 987 801722
835 87 769023
847 810 463851
518 667 656646
284 958 225272
271 299 401580
31 591 665882
636 139 293356
775 456 80325
618 567 40632
842 736 909968
306 92 912458
561 676 572371
203 684 835056
104 712 101051
448 925 432123
581 106 627182
807 669 340047
444 534 388983
324 586 850363
770 930 22025
68 165 512654
419 46 510016
656 533 926862
1 485 663020
547 777 179112
537 320 243814
103 428 103608
397 712 468528
131 168 838374
206 554 458736
249 605 379879
884 155 772185
927 697 732871
49 188 565598
780 857 762712
299 131 760205
726 410 157097
141 492 386713
846 246 746407
790 711 394798
493 303 115331
951 903 345220
231 720 721712
119 874 965607
120 321 983960
479 285 508166
430 849 36435
29 823 667914
799 559 66820
942 464 293393
319 889 171691
986 497 622556
82 683 730747
708 45 119270
356 996 95107
787 410 40490
358 603 948291
721 243 717459
440 303 388664
671 542 668429
102 669 120987
744 110 2453
985 667 782856
710 339 659720
109 253 926371
17 638 226057
297 834 832507
129 320 182566
662 369 965278
947 436 510294
356 73 755677
507 353 404266
65 885 293181
719 661 666426
643 154 282683
599 684 299552
255 610 180380
355 283 803303
841 190 792205
617 65 748789
380 984 673991
182 763 403371
620 243 433020
923 440 614673
462 466 783305
413 716 894622
330 1000 470156
45 207 676372
432 961 67899
996 123 834302
805 503 271351
854 383 447564
360 789 982399
217 282 167117
512 388 23816
909 548 595352
229 865 304149
913 775 231622
51 331 459579
777 90 781575
323 341 528984
652 45 902682
676 974 963279
168 916 704608
919 199 852414
429 725 619807
232 619 12177
638 192 80786
8 284 229478
685 565 383413
156 139 953327
4 910 629375
52 514 476104
977 195 478792
844 441 414246
448 300 733530
332 364 556233
103 896 695836
908 128 545001
591 857 329849
19 20 838229
20 181 99357
522 250 403601
677 15 76723
232 729 735408
665 867 584159
566 547 812534
538 343 331550
174 923 260381
787 675 672049
483 554 807745
783 5 988473
523 645 616689
5 416 444036
919 378 246081
907 318 857703
689 538 573928
336 952 493656
50 503 406544
786 350 20649
251 768 22318
397 614 325957
38 476 138921
740 655 258988
285 106 831800
728 146 365402
893 90 887322
400 279 446372
470 468 216134
135 301 71608
90 418 533900
586 346 708074
966 765 335146
36 179 451754
263 960 952772
570 519 786482
752 835 30031
607 854 173886
135 788 40160
66 791 504820
825 57 787130
411 374 342765
588 563 957384
817 417 609214
933 231 359965
197 735 201403
398 177 968463
908 947 158336
804 261 369710
513 947 376302
101 730 991989
785 625 618499
885 489 688107
796 694 251566
733 796 861171
773 828 763772
699 707 91779
908 891 880287
13 59 510462
387 119 396613
677 40 676768
9 976 423650
847 247 396076
336 677 514948
254 370 132487
129 716 211909
359 405 69324
234 619 685974
872 367 466726
209 277 662977
555 230 845905
277 857 74965
191 782 281601
701 512 273211
864 164 867213
160 699 363740
961 900 700252
478 209 861807
242 743 944077
788 601 496388
813 522 481679
839 96 520190
706 755 331384
485 499 780965
489 171 831763
788 584 157105
473 800 64658
269 949 715052
880 428 501417
984 22 192722
130 628 695556
660 280 194912
646 193 396801
820 727 492206
710 262 881750
572 408 139581
176 817 265933
59 242 921967
416 648 188172
115 933 773949
891 563 901805
75 139 247762
21 138 487135
767 608 532093
388 792 180390
46 356 963034
282 310 806532
596 55 318435
340 451 394004
847 468 408519
304 3 190491
201 982 722231
294 816 884416
727 747 812458
938 106 15672
155 572 724688
805 590 60795
503 225 105582
132 371 203519
322 56 588342
142 361 289340
705 693 49189
173 324 412474
199 31 154148
349 34 315662
697 601 200386
289 779 379530
315 24 426750
291 979 563833
232 541 709027
733 53 635742
701 516 940320
63 109 568194
411 535 13667
63 290 308583
489 995 327242
492 689 761462
965 715 669811
954 118 784005
646 717 203505
109 242 531344
718 90 985311
148 723 409635
493 17 853535
529 284 183222
850 191 482808
20 9 844310
216 552 73416
614 194 180930
293 423 856214
233 168 499439
214 622 516697
978 750 780876
457 916 234811
623 648 992519
951 756 821313
742 655 288791
156 942 25750
678 270 812272
498 361 611664
634 467 150194
475 255 23807
160 316 766136
603 401 571212
809 796 961764
26 365 933851
241 908 637478
678 144 177641
774 838 242686
169 712 485397
739 550 609051
310 30 771009
622 7 274788
629 544 216892
750 233 603968
425 122 795088
808 470 521493
637 166 359693
993 178 811691
180 812 766402
745 801 719527
237 76 325486
63 775 757214
802 90 62461
708 506 765493
949 168 971052
657 868 974160
847 928 699235
461 863 70945
428 694 585922
177 146 338989
430 210 297986
777 819 386166
574 569 834501
772 843 97305
472 101 485186
423 909 676412
468 449 662424
917 640 807989
966 399 425938
733 672 734523
652 980 351833
218 542 41421
410 98 731839
124 190 503436
121 594 283937
225 615 370040
734 907 319572
474 426 562449
933 188 130577
370 914 831572
1000 153 327192
248 86 883505
645 297 75290
931 828 138524
74 469 907042
238 154 30135
535 181 16179
860 343 716072
690 788 451856
617 181 549277
452 185 804415
57 310 759671
379 627 387070
327 562 734076
945 491 417872
767 364 892658
178 274 795724
172 718 40704
283 766 589566
176 566 689840
445 764 836202
27 39 613277
688 229 938424
513 666 826912
918 699 659411
977 425 361961
867 531 884209
580 20 718890
502 29 86188
729 652 927894
709 14 495847
492 316 560720
152 675 614174
430 641 513831
32 300 703883
418 349 168999
681 349 532602
153 80 294313
208 723 430203
404 16 67640
384 572 272412
728 576 8335
414 737 303557
701 511 58800
458 186 468427
376 195 284812
34 389 862864
934 979 469905
727 497 281013
767 503 299919
70 560 730004
157 623 851179
647 8 973975
949 678 12406
219 516 610105
276 86 813109
32 117 767789
311 613 259406
194 929 898139
934 571 417714
980 145 283592
616 938 24756
769 143 19941
449 617 944904
50 797 233329
640 900 911004
990 245 514386
297 224 148257
575 903 489559
989 887 737943
506 46 289555
713 921 955627
572 192 279820
953 302 586579
253 950 300900
786 290 515244
200 468 957624
361 163 434699
641 805 926035
533 171 508659
351 67 719950
875 692 751936
705 907 835848
772 999 2193
911 202 370058
181 780 939749
970 540 849788
245 148 736410
308 592 711359
617 8 383026
489 818 67227
793 187 660358
786 116 675206
100 801 153895
183 896 924603
753 215 149914
932 870 183350
267 59 721830
861 400 970718
372 868 908726
441 874 434609
642 844 914792
424 940 108218
948 542 836063
13 290 290446
147 461 684706
754 775 694736
77 634 156978
230 402 288509
155 526 76726
808 303 875416
747 73 55187
96 948 611937
749 374 597025
116 882 499448
731 946 663499
6 630 92410
499 706 629924
149 945 674179
613 52 408773
985 172 706698
506 888 866840
672 785 822824
858 298 364264
190 818 442243
515 878 462866
542 396 972199
222 543 227327
579 248 997666
876 144 72841
389 913 37213
422 72 597457
862 714 3766
146 906 165423
455 196 771791
287 110 685949
17 147 593768
836 691 21902
566 330 346732
444 293 971333
71 701 573040
841 643 640497
661 422 183760
295 532 413776
476 439 201794
48 752 699912
593 459 746926
335 149 229027
819 726 408248
564 718 109883
572 831 132380
434 986 272397
975 808 248592
954 118 292929
786 337 873606
224 603 942328
176 983 254917
332 377 481013
112 373 90027
293 675 835302
788 168 861164
35 481 824297
24 845 729083
147 310 132573
321 599 258899
446 963 878207
589 791 38358
139 496 703541
435 844 47241
241 942 442411
83 859 825356
419 637 955338
355 296 365389
248 325 233695
64 188 663798
501 239 402107
632 333 19102
94 865 362357
111 226 894473
672 35 230065
493 104 664100
295 657 729758
629 410 981551
403 485 694033
762 225 288402
381 173 694500
821 29 721496
642 609 342271
477 25 81609
42 869 117163
363 995 335997
620 555 336303
402 317 86600
664 1000 65736
290 529 469869
965 521 380119
950 981 355847
438 136 417332
556 112 959750
81 372 617346
159 220 874270
561 740 638599
35 740 776026
360 450 527089
266 959 130786
604 898 830353
86 757 290148
323 357 194702
791 487 195298
906 2 421909
739 459 695618
564 135 220839
860 169 105868
883 256 454209
585 222 900839
128 431 993579
459 326 495640
595 412 216610
980 203 207274
775 519 519943
819 977 635873
58 861 863340
254 233 194946
171 528 778097
158 815 362915
788 792 912357
875 122 469984
807 351 816674
53 533 429614
319 133 158731
564 460 644912
220 563 472228
858 714 815762
286 131 234203
394 668 849692
724 131 578188
505 126 374742
486 655 540224
701 825 809924
372 943 890764
507 586 246212
994 332 425635
4 425 310020
394 192 934183
912 759 83222
332 943 455640
959 53 132287
512 880 69259
195 239 597898
940 266 1379
814 804 584843
33 919 405125
644 46 960818
314 844 89117
142 601 661722
138 471 280232
480 21 72885
259 479 114319
112 100 699996
990 32 160825
746 647 927776
773 529 839047
484 627 210691
748 537 622799
141 610 755538
500 846 762323
175 906 867966
760 108 360145
306 918 515798
69 312 419553
267 440 899518
559 274 314759
973 8 708169
896 621 287736
838 907 610394
128 539 340301
968 815 891561
380 628 748806
801 159 149222
221 256 796091
111 965 980333
163 322 368126
994 548 274106
994 265 282400
36 195 109228
14 238 881940
261 329 492935
616 100 367495
843 83 584179
544 637 804083
431 42 422933
112 752 917920
511 73 926848
218 325 468578
384 107 624504
103 853 496780
84 63 298922
738 357 189381
982 6 871682
403 826 598464
856 654 943993
781 696 404054
881 472 103233
366 167 804308
259 759 873181
705 659 411267
503 839 706436
184 294 172521
316 415 536833
567 423 393466
8 504 326857
579 421 427683
315 30 213382
403 947 440227
859 508 958559
9 46 510668
555 914 627309
707 833 922949
763 864 816553
598 264 53161
449 972 815679
92 473 259763
722 147 759380
269 46 642265
730 827 529832
784 72 854294
939 285 545779
226 283 362483
170 616 119565
832 898 860981
994 351 1798
482 431 259956
761 236 875540
675 108 284767
592 48 119851
58 537 544628
795 864 572350
816 124 267389
296 279 871304
637 909 424619
286 145 233731
902 462 839851
582 85 990125
972 861 124380
883 108 529480
850 50 23782
642 514 401757
369 577 623712
406 935 175807
758 600 461149
578 654 589087
799 853 504849
666 251 488134
244 827 409390
570 123 930844
488 532 75203
806 541 977294
15 670 177482
701 995 120230
228 687 376676
346 953 173966
126 833 652844
673 68 107153
604 398 829700
783 707 145095
116 169 810545
848 37 108830
783 733 403929
686 583 799168
151 327 321320
302 140 983740
705 64 4857
710 944 309069
391 372 917339
461 821 229076
742 469 250241
204 288 870922
925 688 946218
623 475 469476
3 235 846757
395 363 726132
629 39 458079
520 533 610730
176 285 348164
646 106 800761
253 986 667834
31 221 826341
152 523 295124
869 680 556110
829 954 342229
915 955 277017
80 414 70744
127 331 768474
673 807 117872
265 235 739724
435 649 129348
240 348 260231
334 81 536546
692 834 94254
178 905 671530
161 622 5653
493 615 277602
306 15 61686
912 427 969471
258 978 764666
126 718 343437
537 201 64296
12 581 256555
207 484 259529
637 743 248089
88 161 302061
54 290 912366
981 700 293836
621 386 321995
67 117 243397
771 292 134098
737 703 977224
156 891 558752
35 346 648986
39 958 35636
644 572 753192
964 818 749345
208 142 564047
527 175 602689
260 922 867320
921 886 938020
760 650 302713
438 693 72987
286 336 978298
365 141 802091
268 39 810111
110 352 549983
456 851 66487
569 600 435287
288 330 219347
946 299 585503
675 782 250182
649 620 622118
95 795 863670
54 598 574042
763 973 336762
134 252 294656
413 543 731961
591 48 521149
649 159 200962
650 971 730428
346 970 910034
589 938 871052
557 585 323437
597 570 274405
737 802 684750
639 182 378547
983 868 696902
479 197 821987
940 242 794917
167 47 370853
948 841 386811
458 666 279917
420 891 833572
753 983 440634
876 850 185273
98 188 181199
824 761 182863
284 576 499711
335 944 777502
191 863 352584
308 187 776137
409 611 754504
341 267 827720
609 605 946088
501 457 44823
660 380 139880
347 495 892555
136 521 28858
727 538 90678
916 350 34981
621 953 751365
666 18 372785
291 319 726417
467 672 943611
518 793 602602
477 142 948600
353 36 634865
259 630 905176
206 904 602965
899 312 29602
761 529 716280
690 258 884599
641 867 31225
99 133 469230
617 357 811857
62 998 486295
828 454 56322
280 714 136229
53 475 719843
187 704 299373
458 799 895657
681 872 166741
523 551 108102
57 154 706633
882 951 745645
185 176 70897
625 921 228954
123 105 436581
834 182 190717
7 723 814851
424 993 871646
681 498 505618
945 809 652634
155 824 503055
843 71 800135
198 722 482884
646 801 610567
265 315 160388
658 220 987288
968 817 155564
55 891 417166
660 858 4635
267 966 284454
695 958 179409
913 134 634530
227 585 73916
219 538 313902
549 113 474140
336 639 416763
735 354 576502
246 93 71434
834 778 173341
991 166 92761
281 989 371865
279 796 886471
265 118 980592
85 950 819871
399 463 986969
241 246 971598
24 964 71672
508 760 807953
119 408 138331
634 260 162285
865 364 146081
329 359 66928
170 231 531964
888 761 411579
505 562 415252
360 574 153573
138 723 247493
386 456 337234
460 640 33666
362 54 551045
269 737 782816
768 799 491248
19 304 881194
545 486 282772
794 240 877695
999 991 217878
107 498 219875
59 789 115859
649 214 595682
271 105 131712
920 957 22894
385 345 86666
704 927 790662
371 8 339539
599 904 26215
65 700 445805
384 23 185330
367 92 123341
860 473 781320
160 40 231258
64 962 866073
286 505 384790
122 594 140592
908 67 694976
212 284 123716
152 286 859987
938 895 182027
505 151 145176
349 401 649826
996 317 373269
530 97 694438
626 269 947430
121 517 308356
337 11 981181
407 208 628133
642 567 467371
741 74 222011
994 314 260952
893 59 656043
892 939 999425
42 226 708574
352 268 829450
464 816 667065
728 835 374073
32 731 946763
669 465 883335
382 246 889815
56 883 75980
119 335 858506
179 92 532415
623 76 582866
729 156 101748
493 651 947348
944 211 264256
106 168 737134
22 724 531752
32 632 513556
273 846 286960
859 503 357053
615 563 859249
341 923 809701
926 745 239551
742 461 495407
843 582 863053
452 293 69958
666 485 212124
854 48 637424
93 607 533661
299 272 620954
61 836 195233
60 694 866267
611 169 42443
677 835 166379
922 803 881002
927 998 487005
4 647 305086
473 429 462189
512 146 853470
512 554 320483
144 958 510372
694 180 493481
298 775 205791
625 133 372502
957 206 951780
157 77 266422
588 493 985301
655 325 111966
564 563 689227
935 198 593462
552 18 755560
831 562 230726
553 922 302503
393 103 255009
858 242 778811
947 405 632798
957 378 11495
455 380 70465
35 326 683361
689 665 201316
167 995 222161
582 574 122691
447 258 364631
153 124 329294
654 41 469534
636 268 44650
462 860 993743
668 875 545452
667 488 569346
255 442 369650
277 771 484981
803 934 417799
300 655 389715
806 240 860810
930 382 580112
714 300 408613
633 280 800824
338 784 979422
888 859 776442
619 189 948152
960 502 461752
683 97 521812
699 856 196208
682 130 978544
470 676 676201
287 475 373483
145 653 393025
338 837 897701
352 209 645205
754 367 964500
675 678 927948
621 173 171328
72 717 473343
52 746 339096
504 769 820772
887 528 966619
4 385 803939
814 441 635393
629 721 642123
637 205 309440
991 708 272862
495 323 354869
991 541 803911
679 13 500580
474 464 381727
296 308 697935
638 814 821869
51 556 886246
711 968 72211
347 615 49497
207 871 496625
335 474 190928
755 131 929167
330 200 436701
480 152 242515
75 302 494359
788 608 973255
501 218 514484
71 738 194803
494 254 611902
7 247 665053
168 577 563439
788 833 414367
275 415 706441
1000 98 997136
406 527 55642
469 175 695662
223 547 485592
920 245 152393
736 769 448212
891 954 815028
747 899 154053
117 532 22678
545 400 137218
41 28 505803
194 830 71479
280 919 799315
273 68 370220
608 291 652073
426 388 869371
74 793 19584
782 360 14940
177 912 813732
352 337 385956
941 40 718646
587 411 727869
257 69 90392
665 976 339838
863 862 332497
534 216 347489
176 184 223636
840 430 353026
331 871 765300
732 354 722054
586 196 713507
32 915 556371
611 723 98638
631 735 478062
155 787 412938
943 707 121195
71 48 856181
454 62 89953
651 574 890372
548 684 785786
767 762 227395
412 262 304048
883 137 745589
814 184 970964
301 975 182048
264 709 908040
20 464 465367
911 646 31663
540 359 960682
519 125 207538
46 615 145462
612 913 788121
489 239 155125
964 947 818838
393 753 181223
327 746 908573
910 174 336019
268 985 163538
398 395 832540
926 13 890352
813 720 621543
807 963 364485
670 720 420467
574 699 727130
415 877 421104
210 830 44736
623 996 360661
269 316 390039
489 520 72682
945 941 660574
15 27 323902
78 443 721763
888 513 414728
135 43 721582
953 589 725430
251 164 21940
167 752 743756
344 937 835077
852 69 1531
934 168 953132
841 199 686283
290 616 228722
333 509 828074
528 741 328375
75 345 2485
886 285 877490
583 744 873311
995 519 373756
256 659 265111
320 868 566385
994 476 98011
823 639 943780
323 271 567059
338 339 207177
357 879 452896
802 484 918822
160 66 195109
73 524 755612
298 791 238456
141 783 812033
100 316 311078
672 6 375140
764 289 427019
52 451 104779
243 990 195957
543 873 869547
926 763 432512
843 146 259344
417 206 284265
879 429 614600
144 748 916080
371 679 406008
805 121 878197
463 822 825580
187 451 497309
328 309 715542
757 903 840777
105 460 86912
90 754 163688
693 353 6343
539 943 301257
363 680 237041
230 395 6975
946 615 250713
571 444 239201
422 276 71899
97 436 562378
470 331 40495
926 923 200369
475 223 966987
688 388 854157
165 734 253295
715 60 164068
860 446 623819
846 1000 941257
557 635 571117
790 543 318356
11 612 981033
966 612 92408
698 228 282460
137 925 384326
970 775 467851
497 716 562239
876 19 176424
930 459 519700
410 326 91986
24 808 146378
665 278 959567
802 433 292545
390 814 686152
249 313 447267
380 630 470936
96 421 432883
559 379 819943
481 90 612490
988 790 355795
28 863 547238
162 607 75385
604 571 361185
581 25 299751
25 979 903182
114 314 200506
337 442 332984
609 64 675943
484 959 841291
486 234 767268
672 726 797475
808 447 679308
827 263 817636
866 420 937193
904 550 856643
131 865 261845
386 547 816546
935 585 925570
809 230 584787
556 289 360743
889 419 335921
287 583 711929
510 314 4750
174 723 205400
520 244 736186
998 670 281674
521 942 342183
983 525 510930
390 980 317564
197 624 533887
857 60 290793
325 213 76818
364 367 99255
230 510 788996
9 30 605421
388 716 726652
836 542 299143
979 372 627046
589 530 175156
85 784 261230
257 785 744176
887 732 406373
150 447 42127
630 129 429421
838 413 723105
184 102 966878
957 702 679881
500 89 666927
644 556 557280
644 565 949070
787 424 715431
392 643 161245
396 378 879147
106 432 907482
26 541 832894
453 747 451353
890 488 687331
651 828 676893
601 676 800218
179 726 403973
974 340 823708
873 723 350761
805 742 586933
169 104 981454
884 662 759279
960 684 257258
971 910 873422
135 55 702169
94 252 313145
271 582 849645
22 310 980483
612 215 421011
917 544 746758
745 967 643370
138 900 945750
278 969 600194
516 44 720640
387 689 840693
962 219 563663
966 362 589221
525 892 400421
691 695 735776
788 1000 4222
297 690 968013
569 445 110891
776 275 94387
682 151 342622
228 355 762927
614 381 81374
517 260 266996
302 505 900746
886 205 710407
858 731 846471
895 673 818107
565 593 631818
502 915 320065
405 154 753089
715 999 907815
517 7 31028
858 327 827933
908 584 490045
481 832 661728
345 698 917343
241 742 410053
582 590 122011
750 27 215537
769 529 449319
206 726 355936
366 696 768158
307 368 660614
195 505 697802
212 641 965620
320 331 597512
635 427 170271
982 696 522534
993 408 901086
550 901 436549
573 938 865502
616 282 608603
987 601 50383
802 179 892351
553 450 898373
279 879 871908
16 910 388621
554 284 413401
224 604 250409
35 595 564680
914 186 68434
204 193 771265
304 877 233884
901 354 838137
119 946 946929
43 767 538808
202 521 613030
499 532 319512
111 942 57567
960 91 955037
30 798 461541
155 78 304380
83 253 775026
408 123 149720
63 959 493778
309 573 617963
44 895 59017
350 534 948021
755 136 547789
566 170 361103
97 407 484046
17 698 388660
258 49 56184
929 458 273291
859 943 86479
623 7 968706
59 12 113557
427 464 865123
718 209 659731
85 342 98138
602 575 250111
614 270 318705
29 536 285907
9 564 333780
271 139 35673
812 474 349199
951 600 109978
739 913 763186
776 444 247459
223 352 249074
447 842 651306
577 779 507261
471 936 362522
146 390 829117
681 454 689868
805 253 307700
733 526 761429
199 39 540405
383 434 438978
800 695 13849
401 635 77256
924 514 60649
339 375 126879
649 926 160142
83 926 70982
43 659 144455
1 701 436118
347 990 31769
915 980 879783
799 700 899255
243 534 654252
772 537 489638
93 12 248043
429 793 155502
928 259 779918
831 989 507871
643 870 759936
436 68 234339
588 838 760832
211 261 708062
588 292 572819
253 998 139758
128 958 186902
899 719 188558
378 442 640833
703 366 121285
764 30 592519
620 231 153623
841 140 494140
562 633 427176
109 820 617698
520 600 461487
994 690 242504
623 848 25384
265 514 7810
935 419 917023
343 212 384592
777 370 164538
610 855 785016
29 396 877480
84 252 429076
52 68 356355
551 797 853916
531 359 757545
900 578 375994
19 384 31709
660 948 498099
563 956 547174
723 221 67901
831 211 741710
837 4 843768
849 705 381627
679 461 171116
590 307 500627
791 132 435567
826 160 924074
266 831 668930
235 551 938930
470 295 569506
322 684 340901
9 869 181995
89 482 880915
376 281 10614
948 39 590931
644 658 662773
843 960 663021
67 159 937202
342 338 398074
579 721 871708
912 847 720188
628 518 90165
824 182 658913
355 371 457903
320 697 20202
527 997 665283
431 600 350197
839 647 797037
667 158 776915
653 893 241478
696 184 613427
50 986 97899
646 497 283059
318 983 208422
64 258 184464
706 548 991291
71 731 250411
138 70 304420
496 794 574284
218 232 897173
368 868 968855
762 268 933247
779 457 430461
687 758 280864
387 511 986100
905 162 397471
851 613 468334
403 795 918092
636 99 880236
432 216 757575
740 902 35791
558 83 131531
507 478 278844
191 630 663194
130 466 789930
748 828 903583
874 867 837972
597 187 430037
913 292 697094
298 69 184587
785 229 859699
806 391 699864
93 39 428373
647 136 241278
526 347 620069
231 406 602454
96 117 473182
461 801 446066
755 438 143601
875 695 6338
910 454 23381
196 907 341155
872 18 169754
318 99 622285
871 794 136359
950 829 795192
463 194 657544
76 932 61391
539 453 724642
329 795 730039
450 287 752393
524 383 31409
553 626 943474
969 651 614391
822 770 166073
663 102 607719
958 379 275374
422 825 243578
700 21 947433
387 519 42238
214 146 759779
483 587 168156
881 142 234312
289 227 56774
846 652 372288
172 214 148874
306 216 272693
217 677 730429
37 572 40
428 26 985561
684 469 398360
272 111 176071
656 814 781280
789 305 560721
971 43 542225
295 483 766886
506 758 104994
538 100 666308
306 62 350503
19 135 190010
765 258 584265
20 440 10277
20 752 286886
369 972 805415
940 122 909762
418 459 813966
23 91 789190
976 239 485910
465 924 347523
292 8 589682
374 624 467031
207 690 219357
377 304 581784
42 447 108599
915 891 953632
190 844 405685
311 725 77644
594 29 346066
413 636 838913
248 115 211254
724 759 771236
997 282 434325
10 557 541758
727 393 766727
451 749 900361
440 928 896051
592 612 485330
348 303 194927
548 568 991837
935 811 218266
193 765 543264
323 172 442802
311 480 165698
619 378 766685
815 392 712067
324 579 432990
818 15 196361
271 423 292965
875 674 80363
957 497 283174
712 317 933343
63 984 289463
173 300 165592
10 914 608181
391 941 946643
996 210 341424
600 437 38095
855 262 220446
258 136 945381
204 532 299062
250 151 627651
897 257 236542
67 437 661324
849 987 6006
785 250 497023
7 22 932947
725 750 366194
627 276 940882
640 332 997416
526 288 919870
949 403 588089
842 531 819427
57 516 570954
499 930 965402
162 84 481689
853 88 484510
979 738 670422
166 597 850547
47 776 108838
467 29 464950
882 486 770752
446 806 240614
143 773 368515
643 471 534685
277 628 507747
433 120 881798
615 242 41564
894 328 263548
620 59 716746
880 58 788328
49 78 813476
121 818 962236
18 334 448656
573 490 42908
751 23 872979
783 754 259216
975 943 802391
664 69 365493
313 952 132909
375 217 478957
835 534 249714
392 921 814513
555 631 235235
798 978 783166
105 60 546605
75 311 524379
536 774 246321
540 528 985964
101 897 93824
643 726 39606
