102
90 64 934222
3 60 449129
59 38 272241
43 45 117721
65 74 344063
95 46 101256
87 17 554210
98 53 995930
72 77 569174
33 49 315129
17 24 710122
37 29 419916
12 92 10982
56 7 937689
55 85 579807
83 82 415045
14 22 961379
81 95 84738
61 52 922673
29 30 799569
27 55 133478
1 6 71900
38 98 886172
66 83 940287
99 68 871775
25 39 912611
69 54 133786
19 41 19581
49 51 693217
84 43 402772
76 31 115284
73 34 425323
88 70 72473
89 9 119645
18 27 354977
77 73 275292
10 26 406866
31 14 362652
7 63 213487
34 86 740941
40 20 814757
48 69 313618
42 65 764387
62 28 50993
24 21 752959
8 81 931202
22 47 452352
9 8 604281
93 89 452686
64 83 67760
97 33 65503
11 94 290085
47 50 815554
15 16 607897
44 72 584778
6 40 831694
53 100 688365
36 44 219559
79 97 169428
82 79 606044
60 2 898456
86 71 470394
51 42 673254
70 32 803579
21 3 823922
66 96 775345
35 61 281747
16 25 550463
26 91 731628
30 18 999127
41 99 630570
13 23 722619
4 13 260276
54 58 177885
50 75 114426
68 66 384299
71 5 314746
75 12 930781
46 67 901267
74 62 899395
45 10 994815
94 37 330032
63 90 40096
91 11 835525
57 56 203176
20 59 805780
100 36 614192
85 88 695829
76 86 731381
39 57 610297
96 84 935413
58 76 57664
92 19 481532
23 35 643866
71 100 790847
80 78 880861
78 93 980783
28 4 625642
52 48 4238
67 87 490378
5 15 362039
32 80 564613
