2000
213 703 150633
227 124 531335
594 744 534047
810 84 35227
820 721 711220
365 842 865133
805 768 686782
59 585 579857
880 96 33108
233 26 354041
310 981 699243
130 480 885776
455 163 5125
327 682 517709
75 875 686788
231 774 698480
479 718 668436
397 624 247926
806 923 214238
470 561 684219
583 268 61880
747 945 269419
745 616 52350
659 809 901683
339 162 34992
986 226 471283
827 204 795614
98 545 492578
89 80 917920
55 534 608775
943 791 659192
556 975 725108
942 497 831189
28 392 302445
458 290 972329
701 719 226106
904 183 855112
383 231 380457
41 147 954078
469 574 448672
926 247 912845
931 262 510738
962 389 746919
706 590 579119
982 990 75594
172 50 789396
780 815 408667
209 524 223108
68 805 996049
824 153 777338
47 305 698820
357 103 914386
22 829 934299
275 135 574178
538 420 747250
187 699 571282
863 604 263584
734 737 155302
700 834 406565
698 14 54110
565 956 884766
313 409 737770
964 557 496693
743 130 720578
951 339 26378
407 139 36561
312 255 520099
852 606 480141
964 143 314145
831 658 790389
73 543 217882
438 128 619242
347 629 232964
441 842 986034
829 686 279712
217 912 289545
881 752 691282
663 647 847284
1000 282 700603
66 311 282012
782 8 660636
637 375 731269
297 237 525575
99 622 163251
98 594 51782
363 28 94774
371 472 986553
671 481 490915
978 883 982296
189 301 414081
3 292 309203
395 965 932045
933 786 647354
101 576 692169
383 423 144313
1000 317 769619
53 132 324036
191 816 152028
175 41 763125
596 305 180022
305 409 818737
723 539 377827
28 483 252421
884 413 629177
924 997 525699
533 610 113188
400 240 191592
307 29 946187
464 64 879715
42 804 209877
464 856 832157
80 938 731965
299 423 461237
415 709 466450
341 92 289641
28 798 159026
626 698 131502
618 429 592398
945 379 539682
745 546 653550
127 676 959616
898 341 664135
218 370 379818
930 675 199352
750 596 742510
324 760 376456
112 521 387491
36 9 436123
468 777 306286
826 192 559790
50 862 704614
467 258 773101
471 452 445585
997 470 914875
520 775 157164
763 143 873026
38 949 55793
893 116 315961
241 382 612494
134 460 649646
349 529 259677
118 59 497889
344 330 540035
789 557 928739
933 125 455529
53 26 721517
111 369 789737
427 817 539913
338 547 90604
248 897 159614
365 672 148756
152 624 609504
36 368 379152
289 803 638393
933 977 666199
7 192 753333
58 654 369312
597 82 117970
151 229 173381
400 498 709337
912 182 799571
365 608 392854
894 507 354854
246 641 736412
908 877 598149
282 523 997202
419 815 279125
579 128 959832
557 291 75221
776 431 652704
155 843 945074
872 220 236153
281 888 685191
851 753 894418
916 830 744981
967 237 55045
450 475 261385
696 650 191805
185 38 863835
813 144 783884
843 733 795839
343 884 263170
423 695 482068
997 697 440063
763 651 721826
393 749 407319
966 902 934437
345 848 846382
670 519 931801
29 86 60740
67 110 595665
825 439 784679
835 394 810871
9 527 707235
802 187 88253
189 508 389401
443 877 265475
214 433 57001
905 335 505081
21 910 404705
809 652 305592
193 802 680536
425 421 203923
871 963 361895
381 620 65788
258 854 617154
333 265 459325
414 485 795741
995 532 318325
207 813 46492
475 129 612976
818 98 903765
25 6 337488
138 13 936724
12 389 1121
376 522 321402
134 173 770151
224 849 250546
555 809 359363
874 176 237736
273 608 672025
123 717 712466
677 890 892651
970 140 615657
730 965 686019
79 759 608065
117 273 878805
517 779 177132
46 150 783126
183 908 603723
158 274 461502
693 138 274452
115 941 437992
156 307 426957
294 588 930627
493 979 539779
810 439 909566
412 443 459027
362 147 892563
611 736 615586
685 276 687495
466 99 397394
948 2 240217
341 280 139916
28 751 856561
960 755 375977
597 442 437458
353 276 452024
860 5 613314
178 58 555936
765 837 185686
612 766 662827
129 489 839555
858 387 630332
234 469 949502
335 551 978098
690 121 760184
829 537 575044
602 544 90154
240 738 101766
74 412 933602
432 581 818548
315 780 613925
558 478 455731
924 370 591348
399 517 331205
165 924 436734
306 657 683776
661 264 471241
436 441 557139
102 752 761855
528 287 624842
322 577 508603
282 798 958393
860 881 455899
139 620 415919
59 618 772377
191 821 466965
525 661 781605
771 9 525395
153 783 464266
834 670 464876
552 669 794583
442 280 714125
862 153 718938
53 884 136155
655 998 42582
956 45 624411
941 73 269808
740 940 811896
604 967 672610
386 941 584250
642 346 773835
513 54 37445
248 930 798174
223 599 761650
605 235 74400
372 75 280446
758 550 633504
521 289 537427
881 864 527249
364 171 70747
353 833 397451
368 62 418483
586 9 982168
732 608 524699
281 591 387305
611 167 821008
122 631 769612
266 207 973265
738 907 393325
234 53 159113
331 66 462719
841 591 928111
394 103 985401
609 331 369671
18 379 720786
143 691 763419
291 680 777893
343 173 301797
87 438 595137
915 723 365588
810 916 372594
160 749 511535
610 407 550012
176 432 336874
958 163 321784
456 655 917923
422 446 78335
697 664 156592
507 849 245420
548 982 411183
957 34 101636
795 861 306852
769 104 942842
103 532 404710
581 172 735157
447 209 897221
973 65 517464
92 974 976233
352 103 1814
573 889 736409
525 215 480983
668 193 445987
429 583 797590
580 115 381738
913 550 164896
552 461 612656
77 265 838164
382 536 425936
369 388 833244
681 347 248232
567 563 236662
916 766 135916
288 208 890864
404 915 817400
245 555 455904
411 514 947260
793 673 138050
219 700 545431
598 7 707541
540 940 273447
330 596 313646
508 196 891111
273 632 509192
457 724 603597
361 453 247906
253 30 875100
325 952 591093
666 191 978039
936 94 115272
324 971 568195
915 585 267354
406 643 433150
504 634 740983
247 349 607299
82 783 584318
429 672 719300
243 64 965949
199 146 823440
742 174 360675
291 846 121675
65 834 506806
546 855 593661
907 190 191740
367 817 403953
499 362 883521
844 27 557176
639 412 645723
162 602 763435
620 47 378032
738 74 281612
676 63 524134
420 589 270902
359 552 456069
586 903 895988
508 134 703124
767 168 509453
868 648 480865
235 919 526142
877 583 392287
374 485 884959
109 977 512746
230 864 240289
998 605 704065
57 509 649103
892 396 813893
577 490 474151
109 955 106672
604 265 981597
595 646 673584
361 5 10633
673 100 915881
627 446 780995
584 566 594521
319 276 201647
433 901 671073
235 263 459984
137 294 534431
445 249 435632
559 182 748946
689 79 992500
718 427 772922
776 594 564530
413 221 344462
605 811 127883
876 711 561918
207 435 908424
298 363 391747
532 203 422179
971 113 863245
945 765 951210
784 882 127011
108 164 646153
468 892 338476
380 267 996396
329 417 253602
821 350 575674
227 713 498741
852 581 973059
541 479 602315
543 183 413576
70 182 772020
586 567 969233
450 165 754108
744 447 126329
722 340 387917
999 220 690235
141 702 786426
505 387 351096
476 593 775507
203 227 95205
175 522 415864
164 64 647330
568 821 691151
433 233 210255
71 67 291262
480 202 215065
507 870 943044
566 296 595000
210 64 254496
699 624 189133
705 488 587420
105 71 790109
323 761 5698
952 175 637995
809 704 809200
255 491 648475
617 927 642025
589 140 381831
98 139 290913
977 76 833328
108 623 550727
301 773 260690
150 257 617625
27 446 910616
621 996 714678
408 994 423175
212 558 995689
79 664 140460
783 225 331915
968 943 687559
169 3 570386
832 333 193507
414 445 491727
166 270 220382
333 46 976203
631 767 127107
316 201 643341
261 653 529417
142 939 813932
208 989 673827
240 471 697189
121 530 352836
64 961 672061
944 314 784150
436 140 917764
366 688 749133
372 315 672569
577 112 67569
733 919 6216
210 730 840577
536 114 479707
83 502 532511
488 914 220809
835 93 611128
728 377 298426
901 569 34862
336 465 864908
537 24 180941
179 933 649229
569 33 703622
671 938 791781
700 812 616341
177 528 369941
102 778 696255
636 401 605467
861 536 537184
673 59 769541
681 618 504524
150 51 702006
630 152 285656
133 334 449816
27 960 789883
173 826 351149
157 581 235996
237 313 484909
634 867 514434
974 674 961469
740 429 874586
913 136 621075
468 831 519269
968 688 687083
435 221 811467
2 841 549220
164 946 867996
171 879 282757
616 535 433263
364 774 942000
531 491 713272
921 919 939250
882 582 797768
145 48 628462
262 746 213657
972 696 624074
694 344 30903
226 501 58810
708 625 918191
486 791 300114
769 16 899180
743 129 625641
284 559 658257
450 20 571184
968 798 959598
740 873 599290
439 74 469954
347 738 891863
370 574 145641
620 517 777977
278 178 594253
31 720 626517
774 614 974241
209 137 361326
712 95 994195
453 729 654646
569 990 447247
445 27 481818
743 473 872878
453 968 594292
697 921 144833
689 797 552595
951 182 31707
916 670 984531
814 282 296182
509 422 409737
807 230 736853
938 601 854732
127 137 668732
667 557 692436
41 592 621931
502 551 102658
223 504 269516
947 14 714398
44 397 223505
650 553 975435
198 501 516186
215 696 436433
503 754 505442
613 983 863769
927 977 263407
619 46 595959
351 853 792430
41 630 499025
823 661 61185
15 383 155244
3 239 926069
998 782 333710
269 983 445270
865 248 184287
439 316 406224
788 442 287945
595 708 715845
175 967 156541
414 259 341718
249 647 744149
661 798 734383
397 13 626734
720 365 25293
922 393 692545
320 372 92743
965 811 299752
590 595 576648
290 345 820733
884 69 146119
547 806 512233
598 546 604826
426 133 239595
32 801 474275
260 540 32842
595 837 383214
994 92 444459
488 147 73538
251 442 179803
795 972 342381
81 886 76234
2 589 424135
345 762 819889
270 954 75058
174 769 635933
17 482 647765
307 805 633538
583 155 682482
431 440 108719
556 325 207434
7 577 922958
518 529 827332
950 410 374591
787 565 709594
669 511 678133
624 140 548389
820 345 114456
701 50 288679
481 356 466114
856 447 643703
731 489 850627
990 467 854455
379 746 808066
396 686 27841
511 271 638950
244 316 920930
90 689 457277
139 783 268813
446 677 911342
160 573 822764
467 60 761952
620 116 30066
869 41 876602
415 801 94633
403 55 539644
474 825 467840
284 390 16590
727 391 495805
959 715 247378
434 125 312299
287 451 628784
881 556 650158
785 505 579595
765 899 712828
12 241 184191
322 614 663264
815 647 211286
366 659 613252
778 645 871951
113 624 733960
447 863 301199
85 809 387792
70 445 70043
960 523 835855
5 784 295095
804 59 685729
788 830 796726
374 409 558773
80 183 937838
478 71 797997
924 86 175858
435 722 910522
574 415 972674
237 738 510524
417 637 259115
85 669 209121
444 648 237796
362 508 462140
949 21 806353
717 876 802823
666 111 281091
155 187 10806
688 902 835814
151 803 777556
962 142 803775
692 633 262730
633 201 745596
46 632 580106
382 373 914819
70 212 242199
427 785 422672
23 75 13971
776 486 128449
296 357 584409
12 875 499159
675 117 268557
523 77 579501
256 701 18792
204 392 640682
217 764 572724
582 438 12290
715 626 523089
484 562 265983
174 567 918868
69 874 161024
800 869 695556
255 748 974656
200 993 92259
635 218 982376
794 309 321996
953 284 584218
855 871 58994
151 619 233028
156 69 838392
796 13 101788
790 529 385387
955 5 100206
963 821 663860
195 656 601956
366 190 808725
267 5 984277
402 756 896571
942 486 48724
420 303 912051
840 758 802098
390 548 127062
895 883 919428
47 683 829210
918 811 334033
192 6 753221
283 891 54726
169 8 426900
913 200 499272
311 388 196861
93 532 36626
32 544 731288
440 950 973895
757 861 868217
588 240 221027
419 878 283545
641 612 963891
305 109 290489
223 7 137464
347 443 922280
310 671 847404
155 271 406122
273 408 79642
370 34 959212
997 322 827400
675 2 810935
54 541 380593
326 930 366796
541 659 605789
272 355 250472
104 981 485437
625 657 370261
600 367 981478
830 119 682992
841 498 349498
116 465 711210
970 294 957838
975 96 491735
580 867 45452
319 470 102465
841 953 978542
145 956 909537
751 435 841497
211 32 136979
919 82 592474
721 24 514285
437 49 654141
259 888 172702
282 664 215356
375 687 952923
258 809 983593
76 520 675498
454 254 528810
713 951 313944
860 390 57668
52 200 849136
932 814 287480
808 89 810113
659 867 63032
489 90 790659
86 395 195629
996 334 785028
796 116 352032
26 371 405523
6 697 683020
170 786 71615
948 389 513953
561 469 974170
225 635 982892
889 170 644674
451 318 554848
935 844 395516
638 547 530067
78 991 11339
75 692 319980
515 578 447703
519 149 733854
678 970 767015
860 184 490554
822 226 403457
938 509 341016
252 7 756744
136 359 941056
733 75 157671
620 836 101796
633 343 480843
969 685 281996
326 892 298552
894 180 697517
990 609 248639
739 180 234932
459 642 68745
530 761 171867
646 584 542199
576 684 544688
626 380 819084
883 427 648129
126 628 750090
186 292 652848
265 502 320632
687 999 130153
188 999 834474
132 949 398038
433 458 118560
838 342 636786
816 347 872086
654 425 681938
768 913 647197
153 788 196217
63 875 560692
486 140 496344
36 432 257136
85 933 486419
191 987 774861
726 404 833183
742 326 607354
447 402 472132
180 512 46950
389 746 418142
196 606 13060
216 115 441986
236 536 300186
307 126 983940
846 313 19205
934 847 225127
25 206 214083
391 690 820934
29 358 262297
298 942 821462
976 796 55414
900 288 871111
317 401 777787
714 707 711348
482 457 18689
814 393 595737
851 137 496378
262 964 48351
921 599 39957
987 361 38438
292 542 448853
500 575 791721
956 434 542160
879 937 375545
449 705 581705
552 808 302786
853 922 772679
72 635 218235
657 184 199337
648 636 982128
978 174 198694
570 16 332301
743 141 19930
826 889 178483
915 935 810930
254 461 516778
530 345 302034
486 166 354237
258 475 676046
736 929 346160
596 242 326498
665 886 12470
336 183 139792
465 708 425034
925 323 771610
175 755 29495
430 493 495672
947 15 367780
168 450 191641
680 360 740434
460 791 473405
686 159 133703
248 601 821751
119 570 808842
84 157 216710
31 375 564900
3 706 318233
153 797 442396
349 605 414073
485 72 552941
67 882 64743
234 33 799261
617 644 930898
278 254 780068
16 700 667846
40 210 798248
917 506 293987
428 820 827942
647 881 672498
420 586 715658
290 238 589036
549 684 246425
708 657 507180
568 180 887844
430 250 12328
664 820 518935
693 859 325416
807 387 263824
362 926 245113
410 223 143634
875 969 80455
483 591 985259
387 29 234912
250 477 72354
189 288 934107
694 107 661852
961 150 143076
782 224 92887
51 803 691577
812 896 367590
622 58 800470
354 351 386687
540 57 221752
29 332 531336
599 959 266186
732 497 416624
534 837 522216
614 831 902457
416 878 107118
198 463 198347
139 816 700446
682 469 437046
283 303 225814
986 269 24643
165 464 316413
592 484 518288
51 434 469900
374 732 988150
938 939 553106
982 841 855833
965 112 776227
909 858 68057
108 73 125380
409 931 673117
16 510 57448
242 483 976025
401 701 149839
549 533 157878
964 72 416939
54 697 824997
507 81 172079
632 953 982751
222 343 581494
177 786 45136
675 467 86107
572 639 331888
662 42 720687
579 102 490016
134 691 468063
926 694 497293
106 656 853589
325 934 756004
46 872 172107
661 791 613936
543 51 199484
760 554 368971
972 690 94926
33 539 461643
72 721 472696
32 854 815148
535 256 870110
605 839 392998
657 117 122605
735 739 124772
370 662 415466
96 936 402351
615 410 528842
951 784 668049
739 528 165350
313 839 712589
636 4 818385
652 679 563451
66 770 937465
534 781 524065
131 606 415083
865 786 385417
594 749 126209
896 35 512604
365 871 111284
539 794 206118
892 131 764986
836 255 364409
146 48 236709
340 181 914142
751 898 365357
791 790 913736
775 286 2540
48 605 887689
772 388 431
607 60 174611
8 900 728406
676 22 29978
550 693 319543
825 418 810607
720 762 414935
206 765 387665
497 53 707073
522 338 554042
87 171 400298
870 683 561048
112 301 418750
644 741 514257
224 77 142154
43 960 719991
179 15 5295
523 678 91516
271 651 38437
753 303 953954
18 71 770081
346 300 894492
33 984 256826
154 300 576474
161 128 787693
312 66 522275
87 43 196637
131 851 582905
245 895 525523
249 265 679297
968 292 677452
656 852 235042
107 730 377856
227 331 583874
114 731 152140
324 452 162578
920 721 567348
256 944 512736
56 580 491372
375 297 916968
604 344 62100
542 781 254373
521 337 440704
860 428 797195
645 110 331560
60 569 625850
524 742 18683
336 405 752608
203 793 286010
280 497 841879
75 245 68861
581 377 702569
927 293 24517
1000 320 497880
163 224 720519
125 465 6023
331 18 954011
280 721 953549
27 939 14990
416 918 206752
297 828 800861
549 919 548580
385 685 757104
876 220 715058
146 50 680176
193 400 797886
784 176 720467
71 625 453295
144 299 83564
643 823 910398
622 603 888881
754 336 105033
323 788 781080
106 756 447806
817 951 104872
36 125 135660
142 247 67553
628 68 141595
18 465 296267
921 529 444336
888 800 970857
557 939 651845
240 88 912388
623 986 466789
406 846 418530
386 619 335889
850 535 391016
553 801 216153
981 100 773411
903 932 832609
241 651 443327
39 430 188953
135 358 203187
773 529 281006
885 134 791468
201 361 684635
97 673 605312
565 169 982357
196 385 886789
213 922 451063
150 900 687321
493 930 665698
746 687 449905
109 814 252740
997 291 181489
980 793 196410
874 12 943025
357 236 874329
723 536 654128
20 930 7213
693 771 288813
381 389 949769
377 770 181384
374 382 376073
264 56 827914
711 270 914672
129 151 258147
47 195 116402
436 583 980444
378 209 674135
886 628 480733
842 839 55406
493 362 658200
272 496 221485
70 481 310191
347 648 942156
573 40 853923
651 302 132482
30 749 294563
384 692 570478
367 665 633291
237 692 244267
786 366 336056
296 310 605953
137 461 722642
892 350 471442
934 876 255728
251 348 296098
692 102 952230
679 241 180191
781 406 910592
67 306 58292
434 822 719916
460 541 97891
379 978 906370
724 925 446561
494 596 428305
995 903 213
982 385 414996
591 386 646186
202 160 520554
1 123 11956
114 525 889296
819 244 910091
221 144 125045
658 490 753508
443 815 424905
538 778 728496
186 544 910196
246 835 574198
523 898 348705
715 625 422278
868 981 27195
392 868 863535
184 27 47528
530 470 405953
972 937 115782
608 426 403654
833 795 683309
892 662 573581
390 391 692569
10 36 399174
13 44 946421
110 145 74424
305 530 789188
306 850 835787
340 411 320367
684 987 324779
373 684 835705
967 885 684743
62 640 868142
156 501 340358
983 148 28986
227 895 299729
891 281 354696
910 646 538958
873 810 53053
867 796 355078
811 378 94381
799 914 631621
350 904 197486
708 457 299369
551 87 398492
274 587 165010
736 399 988241
348 843 25202
114 964 508535
949 307 106815
544 507 652452
480 23 952597
185 630 607313
556 778 656542
713 114 124873
451 837 979434
629 763 217643
910 620 881659
533 150 581394
255 449 610981
957 203 972210
854 347 677829
271 711 9187
403 10 953413
830 219 856434
487 380 293444
7 641 435975
462 436 504172
594 865 29533
404 700 553799
741 21 208848
373 995 341007
473 643 978807
748 884 42791
413 325 56855
342 19 331953
122 887 175921
758 560 902974
405 277 770769
698 242 170008
463 873 233473
179 763 353341
999 207 135691
39 469 438785
452 435 605264
273 839 982828
899 228 248095
418 520 605317
510 714 981622
725 660 643584
519 337 190595
454 861 76566
385 908 313805
789 197 384807
818 711 187577
533 340 634569
562 621 700675
31 766 519977
385 666 645548
756 156 768404
984 201 942808
839 315 11766
123 979 614884
719 819 249078
332 352 785297
361 785 401970
483 603 72366
837 865 311816
190 253 421321
710 676 725769
83 234 23347
55 582 269835
489 312 286707
3 811 804638
259 353 848075
311 4 175167
29 827 2930
707 716 675948
949 28 101663
644 894 587137
263 511 803169
997 702 855159
470 562 322240
419 889 801054
73 805 361214
573 618 464241
881 912 186425
367 987 372980
149 171 603532
866 518 649381
220 933 194544
683 728 589106
919 416 404612
310 461 754717
506 598 793682
661 395 370523
106 54 219803
438 462 764120
985 811 699891
263 464 70166
582 854 525239
640 612 567473
149 324 713032
948 795 139697
750 60 499971
999 136 818669
320 809 394597
977 878 552901
684 124 239284
397 932 908085
920 974 146277
170 110 933798
963 392 596871
607 610 581742
804 175 601537
981 816 944120
832 224 828718
98 713 8061
404 859 146377
498 258 890499
779 176 949440
992 611 331148
34 785 608267
991 365 718964
228 568 396249
752 168 609722
861 66 86882
939 905 640312
477 762 586257
880 655 197422
268 615 700436
95 495 692034
559 106 848655
639 975 798571
946 474 318884
849 827 225049
390 757 61715
97 122 652535
636 673 797326
993 83 678365
661 530 383505
311 293 448728
659 261 652988
275 845 410337
969 654 420924
809 477 941415
464 81 929911
797 609 157221
77 772 781715
959 761 583824
918 866 183185
541 634 211239
4 799 820673
274 826 632588
872 712 165693
537 802 933968
407 456 408390
546 126 298616
392 982 117
562 763 472237
695 217 921141
939 147 594240
252 737 240794
818 578 492984
352 972 302228
813 158 695654
793 865 16920
573 622 378146
212 288 542633
886 499 763738
406 824 533134
761 723 479886
282 863 181998
412 91 720935
805 494 402463
690 881 291696
300 719 747288
131 724 930112
317 730 56775
976 957 573275
887 680 543543
57 52 368331
1 703 673896
228 942 437207
704 496 658517
711 205 776732
780 513 538
197 304 368182
793 503 785726
293 214 864390
658 938 50787
878 25 690551
621 606 722477
787 849 319262
205 622 162022
691 161 696957
314 266 551390
387 428 142983
625 908 756164
950 727 515947
640 139 830535
365 172 220549
10 929 291766
676 254 446428
71 122 451016
118 910 879372
68 410 105782
882 264 588789
270 564 912955
547 264 936998
570 338 416349
878 691 947487
363 207 93420
421 1000 405257
423 32 630151
302 799 134619
837 899 806282
733 361 260086
801 740 875926
481 625 262374
8 40 514262
516 892 114323
636 37 769497
989 120 94206
454 75 693068
992 713 268182
400 529 613096
986 278 110153
137 486 100758
703 694 868865
777 595 57291
498 327 641360
318 468 805443
512 38 262085
432 459 634810
299 702 238909
801 44 202018
545 364 531367
808 674 863843
299 65 809811
770 926 548533
372 65 189076
563 396 216582
543 445 754021
385 838 521733
238 285 195992
77 857 477006
688 832 637505
962 955 123567
79 528 98324
25 437 77866
848 838 678645
429 952 168748
625 200 964344
795 337 449524
22 677 616370
708 29 469167
503 672 370540
199 353 166633
363 922 602813
526 971 624235
506 201 10233
674 872 1407
712 377 284716
47 361 174692
14 572 751293
43 719 51844
355 202 970287
119 690 814351
840 199 524271
880 748 512764
61 466 739518
534 310 203589
576 312 704845
738 566 813329
583 670 34332
269 878 416957
994 454 323728
6 216 44789
204 302 269015
219 241 614218
328 443 402863
932 119 719674
220 471 702197
653 308 36535
69 281 846414
606 571 406827
150 19 222836
838 372 404890
775 28 610849
442 651 529176
943 697 422178
100 403 89354
827 326 601233
502 320 367878
292 67 155944
751 621 55169
472 892 829700
123 701 385340
958 412 633337
845 920 972342
34 622 167635
49 118 877817
85 795 248306
938 145 9820
961 198 555585
92 917 943297
397 293 226259
803 20 84624
48 928 327047
554 644 82678
309 306 271204
773 149 525820
348 194 257895
334 906 845929
979 260 875671
902 786 781747
713 829 175993
823 29 105533
37 793 866185
148 319 157287
83 135 93602
147 473 750034
721 553 864538
441 677 259627
956 773 89946
326 758 455683
759 494 988063
392 850 800478
622 17 760603
279 560 699184
441 374 654084
159 758 543646
991 998 906344
368 900 595610
700 582 892159
263 379 165649
200 267 390999
651 444 459223
963 909 85520
470 471 772432
411 373 601574
511 331 848291
102 680 82489
249 735 66012
681 972 292601
225 500 126006
649 742 70666
304 317 932057
914 974 37997
906 414 562071
497 929 266541
487 751 992347
75 577 203750
261 867 103724
81 607 283513
808 307 545715
601 738 517515
342 904 465091
681 877 238331
132 16 399997
529 212 158517
665 423 554124
472 325 66412
120 12 323827
988 863 203665
93 492 771078
461 901 913024
350 710 801722
903 993 121710
105 242 469463
737 985 447443
607 213 462476
236 808 902626
514 734 667061
492 828 547964
128 49 834331
843 840 731942
857 980 785625
490 934 379540
125 256 679736
449 142 94443
892 95 673355
711 160 827056
704 535 675390
243 321 705449
997 5 668073
571 741 607066
994 419 801710
603 759 994979
854 962 580576
60 478 547218
235 590 149817
687 592 949124
76 928 715037
276 354 982472
91 324 400227
128 97 237720
94 586 16064
973 220 560329
19 948 722848
904 377 399658
10 517 599016
790 236 885186
960 448 87670
776 2 422423
771 446 531634
777 39 740231
138 700 687090
787 368 372929
337 787 670711
985 730 846992
94 659 147600
472 124 909663
910 140 922588
324 381 871158
454 202 996213
759 710 324794
950 451 60495
655 782 610060
505 298 716860
691 462 181880
599 695 542756
928 329 154861
212 724 955719
990 414 691608
833 381 9964
172 733 387714
660 252 662649
114 867 319432
950 841 794523
466 939 443342
749 328 620505
560 667 786341
798 61 616097
572 743 886086
145 28 108101
321 317 890502
652 648 198584
865 570 152710
711 242 861218
709 976 516720
494 726 97953
664 269 835784
728 239 818936
855 617 829518
43 71 916493
753 15 625999
66 156 299978
416 970 499622
309 950 918264
331 627 664652
815 679 351576
473 5 42504
619 391 486511
269 760 906831
587 458 576956
62 563 65057
904 496 444500
525 479 407912
929 47 355453
755 860 85332
814 451 865412
418 188 692153
466 322 933229
386 376 912328
907 639 932292
868 598 581780
358 381 77744
533 583 602641
589 631 329316
374 500 667263
135 583 174062
279 967 543926
908 512 126556
182 725 991184
912 254 292422
118 142 368190
657 184 399977
109 888 303903
4 474 962045
958 568 961468
650 419 296720
345 828 183280
448 493 757498
890 189 858055
882 443 617614
424 743 658893
37 234 398466
38 764 805210
868 893 65019
183 398 532698
696 334 181840
35 93 699901
242 836 57064
701 659 659145
43 523 835624
828 807 494659
846 686 468580
826 443 243583
79 588 633570
111 449 512549
465 111 845371
834 302 851595
733 849 9004
369 613 350660
779 663 123873
691 736 245364
945 258 554921
535 204 913940
229 837 381211
118 925 300804
206 155 903295
942 192 411545
39 906 524640
907 194 167847
830 243 437531
290 154 320304
969 988 932118
672 992 793048
726 581 361365
936 167 77801
11 538 609110
592 215 506797
233 909 998451
682 22 358733
393 954 561434
4 771 945619
444 296 892486
627 958 234641
280 307 734841
799 455 240655
563 200 416612
601 251 918536
527 442 323539
372 141 30618
883 713 733184
651 521 264069
848 736 236387
802 403 162574
549 645 379717
952 526 310875
91 597 131187
705 418 167831
955 70 66757
113 322 420528
364 275 882
285 127 696654
268 195 904605
316 638 370773
978 211 611860
294 996 218138
961 206 786740
689 947 852909
668 622 672785
356 26 114713
585 795 882518
207 340 953865
542 424 906389
169 830 763340
871 179 678036
106 271 938220
678 579 415616
897 681 253871
395 789 868269
467 49 50317
112 189 330037
195 43 506363
575 348 127397
853 999 954021
215 752 554311
630 602 717350
764 533 106186
955 557 35153
824 279 781951
875 750 595795
360 704 315141
643 889 547173
194 717 551041
973 283 981484
152 745 245342
872 697 769770
286 632 536837
140 31 583476
729 579 267805
331 608 73799
114 676 23451
637 257 103239
876 507 430938
981 606 850144
403 494 895055
383 662 533527
782 895 844192
1000 105 121663
631 169 986899
649 515 895272
83 874 85510
866 549 37319
33 514 85973
536 668 792138
977 167 615282
45 108 835479
201 594 157969
496 933 449750
616 527 903507
519 875 71889
9 134 215946
388 621 929974
124 518 415297
60 968 351047
467 113 361521
354 189 699378
439 627 540708
227 125 538101
940 487 868555
326 655 246599
655 101 565119
722 319 198972
518 464 273422
560 76 80002
852 600 364636
698 485 419821
50 780 760245
220 376 72078
762 154 517966
35 376 495823
459 428 175731
634 282 920485
100 483 153749
384 77 940041
100 729 562570
477 656 844810
630 10 734743
612 125 434122
716 357 252874
192 758 55621
578 185 102574
937 828 179526
254 649 415183
745 37 238064
555 504 442743
543 757 104296
217 308 451082
167 384 52292
82 962 236858
232 916 69143
281 272 712902
660 772 416231
267 67 294912
125 5 366960
401 484 370188
17 857 580427
694 905 909139
568 100 812125
261 645 247279
89 843 571591
356 450 912270
501 11 674067
669 685 547840
290 196 606494
591 289 878002
327 267 366473
807 99 892652
566 977 152842
813 21 809210
887 931 51471
456 503 516471
301 419 668043
684 84 103814
171 301 286326
184 295 407949
314 853 595567
187 436 361680
766 372 813105
792 243 968562
181 51 397963
139 199 887565
615 778 71429
308 973 515473
564 198 7160
398 747 714338
338 186 739366
923 205 632675
496 738 487262
634 776 259878
882 962 991519
357 26 408326
239 692 702887
204 177 814591
684 951 607344
24 666 185615
492 283 492567
187 417 76876
417 257 45922
196 668 703378
376 408 35984
478 232 526076
827 165 350586
752 843 589645
491 222 925068
763 523 269491
9 627 308140
511 831 797130
994 297 849764
463 99 999337
177 257 555825
580 880 721025
257 119 482818
933 694 916830
585 181 788378
602 581 35717
533 818 121339
141 115 801049
823 414 460284
618 590 34102
971 809 359168
97 181 12736
984 868 761631
715 430 546271
779 987 804185
469 750 715044
981 386 992097
357 888 800550
948 934 849006
88 213 594122
65 492 426965
303 516 249874
729 148 723565
295 179 433661
575 915 48977
285 703 769032
863 366 653391
346 840 56976
902 55 835765
388 598 873328
532 735 871565
699 857 561143
603 532 268667
851 832 189795
289 628 409668
741 103 969734
954 85 655515
692 717 877878
20 246 158005
357 966 762132
996 419 136849
227 1 733219
497 776 575888
495 171 730723
562 623 120884
807 703 39862
744 757 292807
628 11 556510
959 340 299588
253 846 629062
911 601 146644
321 229 84421
921 929 409071
162 477 187429
702 113 986713
205 870 374196
446 215 388256
155 476 374224
951 700 968761
402 78 268024
658 525 910492
864 131 28423
871 355 246384
67 997 566276
859 531 315394
135 405 730375
237 53 111811
154 108 138299
336 270 701790
893 792 856129
517 506 893711
847 79 814176
516 402 342117
904 344 353957
994 563 907200
407 522 807314
70 364 692607
320 698 607944
593 374 788262
295 740 959491
277 911 547626
822 654 970154
