105
30 8 286350
10 30 703498
18 56 879928
81 19 744528
8 100 372327
92 32 494921
72 35 912500
51 49 456342
55 13 472367
100 48 849939
1 83 109434
53 43 716278
40 93 688585
77 12 233796
14 59 698475
44 70 66736
62 26 447891
48 88 560948
86 87 456576
73 65 196400
96 21 684546
11 16 918754
27 51 222569
99 71 776711
66 92 306902
17 67 519958
67 50 204054
63 73 302464
3 39 13925
68 10 898158
45 80 847868
93 61 73830
19 95 768987
35 82 55658
56 28 390886
32 76 522242
47 2 906475
50 53 885728
59 60 456519
95 20 957393
57 15 153191
60 7 70047
90 41 79869
61 77 774177
73 80 531126
29 24 675656
12 9 524748
91 84 370413
33 3 770309
41 78 968622
88 85 341310
6 94 187709
23 55 675522
28 11 58787
71 26 895067
64 52 479130
9 63 852819
46 91 881615
26 42 8429
85 99 764961
13 5 723817
69 75 924537
20 85 66572
32 2 257555
16 69 245965
70 14 863385
71 62 851300
76 58 477555
25 66 48600
37 68 549796
31 47 607910
87 72 788602
5 54 900680
49 6 711023
83 33 271036
20 79 386141
80 40 830873
54 90 839471
58 31 688259
78 86 872304
22 29 700603
82 44 662682
18 63 16505
65 97 242091
79 98 152070
84 89 231529
4 17 92570
98 25 475759
97 18 310080
7 22 374383
38 45 276577
89 57 331282
24 64 978347
36 37 831318
75 4 375207
74 38 700639
39 34 409341
34 36 92793
42 27 846615
21 81 640179
15 23 121039
94 46 909345
30 65 955659
52 74 258310
43 96 655879
