999
898 841 916216
846 887 635812
51 535 478401
42 601 986942
177 206 858961
715 419 907919
43 882 759732
472 608 832098
841 949 898362
653 362 837590
1 565 273911
467 806 685068
933 294 35906
496 975 401340
154 284 853871
673 828 915897
312 512 638212
948 105 659613
970 627 346817
760 144 64169
757 164 494328
727 822 600534
165 784 671505
383 152 939558
752 411 396148
849 237 228718
491 325 500420
520 161 235248
24 604 719870
955 36 85329
263 547 197390
37 299 748980
295 61 45064
175 982 641404
371 155 798264
492 466 309614
390 25 14054
798 58 90944
299 195 561203
693 283 508719
762 889 915565
988 964 688841
227 712 825375
195 136 122140
230 71 664389
252 188 395681
173 395 54854
405 571 681573
533 248 60181
19 678 549487
270 97 205971
149 99 166581
77 671 424486
413 326 656873
555 570 865444
34 603 759169
853 270 821281
58 884 43333
446 568 443993
287 210 577864
872 494 154950
622 347 601850
602 878 113125
182 937 53214
216 932 295079
749 632 34882
501 78 351997
920 621 511126
902 289 488095
437 454 719402
247 741 142111
69 829 437092
775 322 402687
489 175 6932
660 13 816060
338 323 570048
882 644 510249
5 66 141019
509 768 747435
582 871 412333
674 967 307718
700 247 91860
421 83 367263
739 64 98995
759 853 16224
678 984 362622
130 619 308207
361 855 153472
571 67 986921
236 582 65320
980 739 375149
108 256 485910
617 903 35673
811 433 253398
190 130 895412
329 544 354012
613 26 904460
864 483 931250
298 70 769774
930 488 259145
968 564 87980
547 869 395115
485 10 662326
326 1000 177941
105 276 861259
884 342 142320
52 623 411549
192 753 633056
619 779 590919
978 931 624977
121 306 157052
99 562 295407
735 112 972843
389 193 385117
515 504 649416
395 244 30725
89 552 930846
662 33 65026
927 397 530327
890 505 649041
681 314 683090
744 15 440740
957 350 450726
894 88 985645
137 528 369696
471 356 875359
207 987 2719
483 772 894571
944 844 535390
215 163 333362
153 355 461433
95 456 924664
646 744 379523
838 475 798051
556 973 795853
113 969 836217
179 743 692730
776 189 129319
304 396 549340
932 212 832292
144 498 308777
162 261 66577
373 780 139468
650 532 624287
773 18 526902
336 45 712598
11 484 10152
557 783 71198
566 403 911411
35 156 987041
440 153 230285
123 292 580189
531 285 142746
881 864 215741
658 258 496476
76 491 528622
954 432 283273
205 961 173318
923 186 795218
507 100 785522
581 311 824453
319 422 351224
32 336 398923
754 540 334921
764 141 856815
212 399 937267
479 233 544
861 734 327055
534 857 862957
518 154 491886
439 343 732325
344 586 500953
502 133 378450
665 110 414750
463 44 439841
244 928 716308
710 85 771465
575 782 732847
904 597 861593
931 714 637926
167 640 751893
220 414 775604
134 208 106385
480 377 23587
375 96 239626
774 777 263531
577 890 605478
722 713 181180
65 802 896878
39 63 983458
552 354 500365
237 981 694872
907 24 110233
634 416 423122
29 976 456824
88 448 669440
193 793 908471
677 695 143157
310 445 138487
3 811 285314
599 508 44219
317 23 393539
644 899 888294
832 173 397776
125 393 357209
822 106 217780
787 643 919025
746 679 413459
540 726 82250
589 213 240321
747 863 116268
851 200 632097
808 622 873744
308 135 103860
64 826 352944
420 918 532794
725 62 340925
723 717 273415
689 944 419665
711 428 56484
506 425 193080
785 690 974881
201 269 430218
908 936 183845
307 703 877167
56 939 544076
418 287 869746
969 907 478240
946 453 139941
274 708 67019
958 877 693956
191 926 868963
629 309 320582
714 383 287783
979 451 289970
819 59 374179
573 364 838874
209 983 38742
272 408 105659
837 423 922988
642 767 296229
268 391 146706
909 515 907243
848 181 223193
974 489 351284
624 107 570362
140 689 162095
309 577 441877
942 541 342720
590 548 280717
792 542 152821
526 462 553872
611 965 38102
497 765 367841
563 549 366524
758 653 895811
397 424 282201
592 510 545792
610 929 721002
57 763 288116
766 760 149107
522 140 150076
802 649 41180
493 761 25229
982 332 75023
806 114 588863
284 209 778187
7 183 678414
102 345 488647
567 645 658944
424 303 339278
417 229 522776
12 725 354389
353 992 484369
444 868 972048
962 93 61077
780 452 331910
697 728 865414
975 159 177439
451 657 267468
352 122 599682
728 557 956102
559 551 195224
54 211 774877
514 298 754444
919 749 51572
469 536 529992
328 461 455687
729 388 739473
977 888 991116
132 843 425367
357 410 93357
15 979 90922
638 596 73836
261 872 456662
382 851 706152
721 720 94926
877 370 98417
171 184 637731
20 385 950954
347 966 110613
670 32 438406
337 446 866237
104 672 941893
743 933 729396
213 92 421814
96 381 314228
532 943 634272
593 43 777238
542 479 146421
122 215 194216
482 558 837000
751 507 63897
78 473 574597
852 222 805981
399 925 697983
647 481 117928
652 402 336423
633 609 437290
490 117 327087
924 168 459815
101 881 136383
302 42 544865
126 773 293264
183 605 506976
114 883 302508
282 641 605414
406 555 572559
155 994 42705
731 272 774727
504 702 560965
218 990 960499
847 224 61271
503 854 897334
286 950 966306
640 546 285517
90 901 684247
896 817 562024
844 956 340753
453 756 358352
378 47 421501
971 801 662821
120 109 791107
255 464 590589
648 924 120935
750 501 78114
891 98 617200
199 588 318251
972 308 922454
321 373 643271
38 986 864713
411 682 338241
343 670 548308
458 771 410757
115 680 301424
772 255 499948
318 745 713731
250 41 111970
1000 646 429043
184 463 972646
664 759 610109
546 302 951950
854 108 345958
635 830 140089
381 569 517982
943 834 539356
362 652 756011
736 721 747850
354 129 456808
950 921 622851
671 995 478002
609 265 656589
863 733 644911
712 942 972677
484 870 261957
306 348 565362
790 999 212136
850 417 229747
355 147 214708
912 334 31840
672 607 636253
30 234 229566
315 35 54967
967 909 111556
821 583 149706
412 538 401664
709 579 149791
738 280 168580
447 691 778023
442 328 685409
737 120 102877
266 673 558162
845 252 326811
966 922 669059
560 103 547216
973 716 603736
868 667 397548
741 431 583410
63 75 923454
814 331 843278
431 638 601135
795 102 255135
859 938 314383
939 406 289502
314 436 394664
606 38 53502
109 803 900473
278 384 784188
692 840 420652
152 81 8891
937 171 380743
46 192 203504
740 277 240153
262 700 46430
246 945 8039
323 635 538564
657 382 344571
189 665 172729
900 616 497363
494 750 106689
800 534 379904
742 240 614835
10 246 166171
457 251 101255
341 11 125997
659 429 431603
166 426 962172
461 349 924858
654 217 490868
363 346 678256
842 550 756230
414 602 669785
124 73 631188
869 952 841951
947 268 813291
174 785 639051
425 439 967970
587 20 121042
685 148 612369
734 84 146522
415 948 537803
824 613 620420
450 836 844071
951 692 186965
423 127 539287
793 239 240829
543 374 294016
826 340 209375
164 960 141159
475 919 285798
643 413 934990
994 527 992926
334 82 502921
86 526 755933
511 471 491024
49 226 620119
608 593 895394
831 814 2101
428 701 497180
68 655 439852
235 968 120340
498 46 298922
510 513 264185
825 894 577590
203 897 246584
499 873 33239
703 288 897610
369 865 321572
62 906 92536
487 600 424540
358 49 295990
618 337 578488
240 137 211087
529 729 145756
339 191 627369
991 166 671965
219 279 364741
285 770 146760
142 693 910054
279 677 146574
862 648 117662
796 523 649638
394 618 243428
666 387 236971
901 150 656210
238 953 560305
544 946 972057
887 911 871958
396 719 790464
118 319 232702
429 179 459174
452 580 813909
45 2 613981
645 711 213688
27 380 707411
460 752 91904
576 998 346473
231 776 578110
422 847 91645
761 996 913939
541 578 572414
628 892 842294
206 3 124717
6 916 694751
936 379 595912
524 390 774498
782 9 207363
464 300 108995
625 993 286290
696 947 87267
917 263 410246
187 493 739428
636 786 267004
157 170 180555
280 455 480607
465 812 49797
103 441 245768
16 615 271154
856 297 470393
834 875 393876
935 663 297200
387 707 954658
322 559 215996
732 134 825620
784 249 987518
168 704 485901
661 165 825230
791 654 768194
75 174 937456
906 787 357816
569 660 148205
843 633 291639
627 250 503486
987 65 752262
386 5 979769
690 185 107080
150 238 114968
698 369 239895
505 459 314316
455 259 854371
615 450 518352
110 796 402312
131 465 677231
813 825 571647
98 264 662588
117 751 931569
911 574 297310
718 832 417343
720 699 829974
427 686 987827
139 469 654929
598 468 531687
119 435 305870
48 573 351897
781 639 3228
810 324 55641
521 480 632101
525 545 230798
459 705 455458
508 845 907211
500 401 489932
148 709 232603
456 957 987588
812 158 578772
194 437 980838
934 658 578087
254 87 468753
809 421 785797
623 898 569753
519 361 603058
242 715 469869
325 572 965509
434 934 81625
36 231 524846
477 831 526030
430 55 248571
873 198 830502
893 253 516129
704 293 732445
995 376 712438
565 590 346229
801 893 914524
874 389 649159
878 241 55324
570 317 769592
365 357 754445
913 940 293689
289 914 997009
708 521 35910
400 626 151442
823 985 175961
562 917 518819
340 338 723630
217 631 603810
294 278 338654
549 904 11122
385 358 885762
264 876 523691
695 819 544387
964 30 515476
879 628 983203
84 29 569142
253 738 110714
941 371 436526
788 22 655077
433 187 330544
160 257 37427
601 895 461081
517 321 503037
688 669 462219
410 598 745904
136 167 70180
855 394 410538
871 115 556134
488 581 347516
572 307 699883
691 849 367526
351 525 322600
595 867 959252
767 409 385564
719 874 283050
367 630 293331
107 157 177688
180 274 140196
241 405 749248
984 625 55448
748 260 702234
538 664 141687
586 90 730716
583 291 821970
392 502 759720
210 879 601073
292 196 702545
959 687 363182
783 327 400997
384 837 522133
80 566 129703
85 353 530643
956 333 964978
17 850 820680
564 124 259208
786 149 736209
288 290 97026
580 219 266778
330 910 970910
277 126 180824
198 197 456160
466 295 988574
245 520 117403
667 48 617812
983 440 875040
953 518 276104
436 647 903412
730 676 92030
675 848 556300
204 296 761015
889 146 187182
83 320 786945
368 896 756466
561 301 77413
910 412 598973
857 668 426747
25 363 974120
221 902 510226
989 242 341161
23 54 585334
129 634 224497
73 797 572133
568 891 203030
753 485 972255
13 737 986848
44 359 638868
28 788 788416
133 266 606080
147 177 340897
676 6 272189
229 820 409902
870 710 770997
817 766 950534
680 470 241176
858 131 35228
530 273 167683
789 225 480172
539 458 876344
963 449 297287
473 624 86426
259 970 835074
706 506 185027
550 199 338450
551 629 950792
726 40 841524
366 827 996736
921 169 584846
297 142 755599
197 900 297141
356 509 618881
290 880 977093
401 51 818207
364 732 543776
257 407 755927
74 160 422590
159 503 132850
702 16 416177
807 474 343001
481 392 598398
202 974 306315
998 823 221698
716 537 953067
960 730 259131
4 372 614247
990 352 545898
301 862 260161
866 476 7544
331 920 2676
604 724 796875
380 861 96101
448 808 759667
172 312 221345
929 178 485252
374 53 958599
178 650 873853
376 958 151751
597 685 544164
111 816 804104
138 341 960024
92 121 720909
161 885 798137
135 556 924315
705 447 104534
408 661 3464
72 194 134230
303 747 37982
81 915 615689
346 727 192733
349 443 885353
224 245 605432
275 539 725110
949 482 222104
388 764 225987
93 954 770899
713 980 439056
258 846 274381
60 781 717357
535 101 682455
603 254 44585
223 519 35878
686 610 142268
694 132 91160
100 275 873012
305 7 364446
668 755 936136
545 123 161156
818 492 275837
997 522 737320
293 430 684560
830 842 655202
630 517 185218
22 923 167946
707 731 839277
435 684 248966
185 329 76457
865 477 413898
605 792 860897
918 176 143128
777 833 242349
827 754 863915
585 866 399851
311 912 786558
588 584 27861
651 718 76753
55 143 554487
836 76 863410
915 575 44455
536 553 770760
594 316 639796
928 599 49967
324 531 68076
829 118 734931
260 962 483961
222 859 615895
327 315 64614
243 497 17310
276 821 823984
701 151 285783
335 554 164123
553 119 424236
769 162 370293
214 12 515819
265 39 750034
952 28 731256
454 4 323803
833 339 290042
8 496 865743
888 17 375000
409 487 152323
892 457 525334
591 905 240622
156 533 270091
763 31 627791
778 182 453820
225 304 365724
476 72 291125
234 360 890669
320 79 347426
523 698 626004
438 748 706617
200 988 337207
922 697 494478
899 56 921925
316 589 398703
797 666 573123
53 617 7171
333 529 626117
516 594 188194
839 908 185060
799 344 559389
805 675 685983
607 442 518512
416 116 896802
880 860 754931
621 722 311602
876 795 467629
443 221 513017
548 927 882317
905 592 395103
273 243 501741
87 216 465256
940 989 562945
61 815 888825
40 611 322836
579 543 570294
151 977 38656
478 495 334820
332 271 615467
128 228 477656
393 683 449710
196 77 117086
402 591 118242
91 366 771927
158 202 944528
377 807 945945
938 913 939940
468 310 690521
527 227 490647
208 467 815761
79 57 219367
745 794 292073
59 516 619422
239 104 878559
462 125 209261
584 642 31318
770 955 958391
82 438 67168
816 971 446037
251 818 352017
620 86 602028
232 809 704635
176 386 75959
449 368 59777
441 490 905832
682 80 47534
359 935 479354
925 742 436960
965 365 673676
145 138 743313
537 736 342068
211 235 556698
596 930 705994
342 576 275011
141 139 224685
228 398 122714
163 790 693381
699 723 216689
407 824 359789
649 769 73146
717 651 733120
985 757 992918
116 637 955763
945 418 771220
18 223 292005
669 585 833923
916 27 359934
883 972 13987
403 991 614715
226 524 318723
999 378 23982
840 205 198117
684 262 679283
755 89 338460
903 420 812729
249 951 709294
641 172 993182
875 281 56386
895 511 184547
283 232 472773
233 335 456957
779 415 463212
986 838 978817
345 636 394532
600 514 892095
996 128 685976
112 941 291862
21 606 814255
614 190 810971
885 180 265401
724 856 771724
47 595 853772
188 662 346128
513 789 842772
267 997 786437
768 798 499943
271 852 703262
804 835 850852
578 978 356431
794 561 105985
372 774 701804
146 805 954746
313 620 299801
495 746 117244
360 694 999999
867 460 727830
426 113 972737
976 14 439531
860 799 525624
181 111 461273
993 758 816496
803 218 294248
67 740 884926
9 52 8762
248 499 399753
50 486 254494
626 330 504133
663 145 466207
26 50 423764
612 95 459918
687 810 827710
512 400 106387
41 775 717804
66 19 940085
432 762 342851
300 681 476746
33 203 787642
914 813 896151
127 367 433193
143 444 915666
269 230 56942
170 214 933096
616 858 632990
637 267 326684
14 959 449162
291 404 780362
70 94 329815
71 688 969118
765 696 199094
379 886 629984
828 478 228365
886 434 798607
391 207 728519
961 587 368892
897 68 477645
486 563 688572
470 656 431388
106 204 642343
815 282 12996
679 220 695489
31 659 868956
835 34 129307
474 305 582040
756 427 512284
683 500 8488
655 735 715211
981 8 635603
558 963 315401
656 351 984795
370 313 615786
445 839 675011
554 21 951371
296 614 5412
639 69 931454
348 800 880920
820 804 51170
398 612 666201
94 286 436879
169 567 836299
733 74 828545
992 472 316330
926 778 403238
281 318 535906
574 60 641205
419 674 163525
631 706 108492
771 201 110009
528 236 695911
350 375 110950
632 791 482450
186 530 659619
97 91 500761
256 560 401007
404 37 485860
