2000
364 645 281236
584 267 827132
612 937 666896
310 570 893385
282 57 448704
375 63 935455
398 370 511948
341 2 574425
21 904 241325
958 597 189342
38 635 619805
570 5 812510
489 374 27500
701 500 876714
470 545 931906
151 350 947010
286 452 12642
957 766 996266
944 443 292518
586 929 80605
175 223 483534
246 295 804653
465 276 606322
483 356 265908
763 914 218003
422 725 298444
718 377 682315
967 432 722180
622 782 897669
205 771 192477
313 542 362630
965 593 489271
735 585 872871
294 791 207308
684 476 110842
48 744 640140
358 353 261357
365 392 396750
292 219 651591
139 197 548196
941 330 739835
228 95 542101
802 168 407277
947 95 139415
5 709 399076
420 66 1694
251 456 652800
362 488 900244
701 402 566228
152 384 460906
633 686 262414
52 931 288182
44 770 622700
388 530 178960
541 343 821793
131 384 974234
66 171 179443
41 29 833402
991 590 560520
202 248 37988
112 637 694338
55 526 465152
623 494 543621
457 871 799944
149 923 311875
258 987 48222
564 927 952780
775 877 475924
39 409 251793
934 345 807657
9 816 513525
574 435 712377
936 600 214476
24 317 186900
475 52 597586
693 982 746544
93 382 319016
8 957 247090
388 40 752729
105 373 995249
140 173 338718
613 596 405370
774 403 714368
517 620 456180
355 740 214979
549 396 550978
232 999 193102
978 941 387870
390 72 681106
659 661 107376
949 306 177743
736 303 904175
985 111 717795
506 725 966814
845 973 790763
61 473 263537
282 396 879974
773 582 639672
888 809 819392
298 222 91449
926 638 678915
538 654 326820
432 959 101689
660 541 454052
537 655 691865
873 580 828052
857 411 377638
530 999 855768
83 3 434839
86 207 981441
749 848 50951
266 436 9528
437 864 407792
358 742 335228
458 660 364065
775 997 993689
898 18 167547
657 727 352459
413 471 473693
554 461 763566
738 788 670865
489 215 717985
544 996 793305
525 410 458052
760 612 749491
595 40 432265
739 924 972576
104 900 44010
84 614 502362
910 895 480506
9 627 298897
328 70 444690
881 370 363185
594 466 457574
463 321 123025
723 262 276384
419 341 606580
110 770 349193
804 719 980260
113 768 728898
824 832 62566
597 610 876785
568 865 543496
636 718 792829
792 330 947844
598 555 663859
211 413 327307
300 408 39798
216 273 274449
432 786 594966
317 290 564448
209 473 435952
415 326 480533
450 422 958338
306 972 486766
821 181 323022
794 324 188259
717 766 651855
301 190 829406
673 69 347551
127 177 219393
452 615 881218
148 199 272828
585 703 395297
361 815 827375
389 855 267521
158 80 434134
761 57 883423
74 508 840953
902 498 355273
791 375 296643
867 345 726325
963 766 748079
319 124 510611
114 73 71311
736 177 211970
685 722 759064
829 543 508480
507 79 571357
962 966 606028
794 946 972576
975 880 120004
478 864 221283
114 819 53873
304 124 381151
544 715 719585
367 421 233861
668 458 611068
717 438 624471
952 775 812797
30 4 770627
321 721 510165
602 377 525247
201 437 957051
955 232 314325
755 581 281841
578 792 378593
425 514 727401
819 379 773941
508 977 657116
894 676 337497
917 231 889677
486 768 429925
432 591 251567
718 479 236576
702 724 905556
335 470 371118
722 754 257243
729 59 303614
888 148 608010
81 388 525254
176 593 243560
35 191 701605
734 584 192257
348 259 93191
157 495 914600
670 45 760574
523 905 648781
179 434 400519
479 195 715763
626 998 550175
486 972 658894
903 614 82348
834 447 449325
886 832 290839
647 270 885292
227 973 814108
381 629 249339
809 152 66012
417 547 153093
126 294 533590
572 256 996301
625 769 31486
792 363 866287
813 397 684761
60 304 85174
89 454 548242
6 535 437482
809 693 769817
42 951 804240
573 475 810665
922 649 389687
393 490 154956
594 157 559028
494 852 881719
476 761 791682
59 436 168591
567 648 103532
509 310 327040
183 564 615192
593 310 614659
628 542 964136
582 886 701448
715 484 41665
126 375 271833
108 748 146324
493 786 846669
11 65 992346
394 62 590766
256 81 64828
230 688 819387
705 624 654439
986 211 553370
450 125 202344
843 417 362923
26 282 652887
786 473 990499
330 96 852068
97 299 642614
82 267 420538
361 857 47398
988 948 44328
948 363 32085
414 625 204277
832 805 45263
38 799 749165
580 131 906514
661 621 14170
474 14 629475
141 443 592309
737 908 500982
460 701 884059
854 237 317146
48 376 94252
460 825 416440
690 23 671362
628 870 869777
503 316 181194
522 254 244008
504 794 520612
670 265 52614
970 626 582228
748 712 258246
110 324 626767
230 859 438407
610 347 470002
955 130 657233
211 716 255155
865 166 102217
528 889 458049
634 785 433603
908 410 717479
385 228 446678
325 35 579959
371 630 866992
143 65 793641
657 913 784569
306 84 640881
943 60 786689
875 667 35052
961 244 248478
95 587 834332
389 153 435708
330 303 533433
516 971 75923
948 344 181154
556 414 8954
18 250 356655
155 652 529470
397 36 737722
609 939 949587
912 769 72751
101 908 436967
276 258 441649
137 901 908696
945 877 856429
50 397 401419
198 842 981678
259 425 184419
568 334 653957
664 821 321421
985 738 599749
476 558 742855
468 972 146547
377 399 906940
28 529 111236
363 531 381277
112 505 912444
79 717 548843
132 261 223963
295 684 788224
213 734 536356
623 511 147343
205 383 602745
748 815 586819
316 667 83460
586 30 952540
407 891 676768
204 463 573910
259 560 660199
382 403 453853
350 670 105859
220 31 403
679 42 765075
751 312 418841
459 890 588394
148 568 983472
621 238 752641
489 571 372595
200 988 975166
349 784 993349
288 576 446000
394 965 189364
774 551 924818
422 617 520077
454 269 294094
526 601 86749
969 368 757891
791 815 63751
613 752 355461
196 801 407639
191 782 673459
409 611 165955
717 181 857075
17 604 961262
110 419 878098
993 422 599665
608 495 585403
151 522 559056
43 681 388760
194 941 590983
617 938 57664
400 572 675622
517 778 369403
25 189 790171
793 95 633179
835 685 218778
883 751 801083
108 277 56528
754 482 431222
810 619 16426
764 717 868242
290 895 793769
879 180 602954
433 179 660494
610 23 104979
755 87 573388
768 99 834041
648 781 451022
51 380 737885
678 746 932466
889 952 296297
307 665 177288
173 960 319346
818 89 953699
650 572 845217
340 855 192416
492 681 648407
78 182 924105
374 892 768536
885 846 691149
972 163 476800
986 330 143561
392 539 207051
534 162 306757
870 797 955798
814 291 585100
297 163 24224
242 852 39470
736 915 896003
559 502 430217
622 986 442599
660 817 652482
364 665 64182
805 285 941055
868 273 109063
231 681 8602
644 283 890905
767 513 815745
506 49 841276
370 738 661932
902 628 801118
436 175 508193
873 463 193336
818 372 260955
995 481 9950
410 823 462311
795 391 607986
616 679 849951
490 511 926697
170 103 374371
324 633 929927
771 348 938370
849 822 761678
338 690 952508
154 600 117151
843 450 604634
936 913 816256
668 352 458438
575 622 519188
859 284 284865
197 799 292742
848 493 607881
631 542 193715
748 334 288003
808 154 428268
816 243 619780
323 157 951841
38 638 647725
952 700 765918
67 313 725576
242 406 316771
512 69 836922
108 395 1719
433 703 566117
877 975 881684
255 889 920433
846 141 431705
370 73 937700
839 872 265013
592 777 533753
551 204 732874
178 33 500466
977 397 677660
14 349 322702
471 539 141537
465 544 262576
222 16 760182
406 236 513833
966 533 771678
246 431 434606
732 192 562207
100 518 619185
144 115 151072
712 786 871890
462 223 869349
990 765 44173
133 146 718169
68 167 974181
831 205 62880
726 603 305285
995 875 372487
221 388 115827
459 816 670671
589 301 731956
519 381 311600
207 657 674066
447 739 264541
958 709 603388
843 170 397025
313 115 414421
708 944 988504
30 83 164015
586 739 526440
639 554 34263
925 853 596280
603 825 35573
185 702 855988
686 78 697367
629 216 890396
441 712 28707
478 839 987689
288 13 539950
758 741 447999
656 635 361414
617 840 593764
939 5 14453
27 8 253088
446 769 471141
906 112 495694
842 230 840038
750 695 810246
493 184 131474
807 182 478051
416 979 326914
614 834 476875
711 590 777011
312 500 489199
64 646 755460
171 745 81331
878 257 577225
359 846 244182
756 575 670271
803 212 306632
630 881 988168
1000 777 761065
515 596 523380
987 53 859904
855 917 702718
229 90 304679
596 128 602596
913 503 432175
285 639 611720
267 453 642023
203 616 477930
759 546 531732
844 222 468362
391 550 949452
757 313 99723
373 81 437006
942 955 347326
735 260 637584
599 571 803841
765 919 356235
724 569 645727
1 760 274388
387 913 950797
970 77 400892
112 69 641724
773 892 461373
417 209 446222
420 910 719505
562 205 550529
12 900 144635
50 581 938798
326 980 463016
518 824 758497
675 146 488725
254 58 965010
960 234 834523
982 11 695617
538 257 123738
599 954 466556
203 307 746645
833 232 739979
825 664 506462
465 914 165623
670 866 320965
423 253 518908
244 116 217896
426 211 835349
727 224 836401
479 438 338925
967 179 312558
444 162 607709
461 830 950942
327 175 499363
125 86 655930
692 404 235432
535 914 567016
768 14 654377
444 279 37396
749 779 320735
29 94 365263
160 874 248502
435 687 922034
666 461 864086
74 467 407870
91 525 574588
168 993 791958
927 943 895971
592 973 84936
161 472 247908
532 683 870674
286 718 997430
533 458 430281
270 577 206612
64 190 132053
592 293 6426
996 153 93053
250 493 475788
369 165 903222
280 564 374540
212 926 589892
153 500 224275
665 811 629291
924 723 871105
357 5 461972
321 644 416294
863 110 984993
178 516 485363
833 111 392371
474 857 402295
656 380 874549
162 757 257885
226 193 294530
884 771 529302
386 10 954348
252 794 682525
636 566 783351
270 231 983774
886 748 163297
510 427 285065
472 465 133398
83 686 867291
830 221 903517
866 718 231350
404 102 344249
459 323 399178
42 164 452963
73 913 305211
836 820 399616
353 37 17067
798 416 827885
881 154 51963
432 372 582036
747 913 699705
838 93 887108
157 133 178286
350 706 251042
430 764 659870
146 716 90204
642 22 954281
61 952 17352
278 291 49042
319 347 458389
545 303 844171
322 921 310267
530 421 710658
87 172 215092
976 811 601238
878 323 468692
730 744 505368
188 648 459167
84 650 313206
560 868 468338
831 763 100218
25 653 434901
464 549 637853
874 925 728649
687 143 401324
739 559 512699
290 730 320274
883 191 706327
900 120 93543
745 363 547122
761 366 934715
218 808 178682
164 959 687880
977 510 125935
281 322 585235
667 76 218918
556 419 740813
721 343 458309
104 82 119254
484 910 412971
620 623 916018
16 451 995793
658 450 110167
272 77 500686
17 110 328168
210 615 295150
628 239 157286
994 592 490060
571 758 448385
36 969 743917
873 298 103356
18 380 831851
577 741 446905
400 10 482426
562 149 731167
977 574 830153
431 616 750990
823 724 750922
655 759 483658
518 183 719864
222 430 383323
878 555 862531
110 75 699761
760 824 686581
904 66 362565
774 864 791674
359 821 869434
448 194 721124
703 865 51563
992 806 459667
972 339 470807
27 651 624744
62 93 171821
300 850 777638
50 43 256184
988 30 418383
122 468 276176
566 557 197714
550 775 48386
133 167 887863
991 756 209198
395 784 585974
145 711 709243
741 716 795686
840 911 283317
318 804 705492
956 966 306765
709 440 370307
876 507 872531
565 387 302038
3 675 490550
381 253 145231
402 222 257524
280 67 192705
488 332 824245
97 246 707276
337 567 733226
654 531 281087
644 964 129864
695 205 122856
372 509 349728
997 845 386105
976 175 816640
166 647 653783
367 223 671248
200 959 524528
49 709 418981
834 992 181730
150 588 287666
934 601 452355
883 762 464769
781 210 593279
316 428 628406
215 46 781864
34 340 703795
798 671 98759
812 887 118386
191 585 532897
528 821 533851
938 119 271680
577 483 699025
100 906 516514
337 19 53907
445 244 245508
591 412 704598
980 319 534314
923 118 735999
301 938 720132
461 333 320192
283 411 727240
529 853 279449
379 936 762086
402 129 168959
995 422 181130
408 924 822792
294 523 98881
796 210 195861
607 955 147176
469 702 169679
493 842 614721
158 666 272549
938 623 118515
360 733 972659
761 219 726253
803 322 632871
907 339 643887
652 246 836263
368 680 777071
146 695 637829
888 561 766302
201 353 632441
271 546 637769
402 303 92015
971 962 335238
471 416 383310
942 325 517835
468 406 597054
396 332 283888
563 208 41721
954 335 772043
132 990 560393
508 57 435159
671 694 865531
438 833 348993
69 268 543825
847 240 634571
395 19 895833
104 305 683727
999 816 33287
403 727 349736
855 942 622875
498 435 307206
515 100 849708
453 628 111915
641 591 792710
505 292 853321
469 747 93053
404 216 339009
131 984 623751
12 30 595929
699 122 701613
706 996 38309
205 452 326774
633 712 527212
816 753 958880
198 206 416853
244 646 663124
60 796 63654
628 113 269365
499 831 673606
178 289 302898
761 809 976505
207 185 536454
401 277 587032
778 306 257853
994 710 783887
777 854 50332
838 237 757888
568 480 421275
594 777 613503
260 497 535300
557 907 844836
439 469 851018
231 632 110187
219 48 723700
680 653 189527
439 232 356375
267 168 631243
311 788 872930
403 835 850168
484 114 123912
638 265 662243
774 933 299486
185 517 735811
367 435 118707
73 462 233104
56 177 467707
127 725 407828
636 51 735893
128 79 497087
970 55 792706
119 419 659219
846 215 579910
92 803 874682
354 824 549708
704 702 915077
90 603 245439
476 705 628047
999 47 610818
791 933 532878
540 315 451378
973 485 315253
601 585 718231
22 940 626385
414 578 855923
192 304 584293
828 124 790657
103 3 52440
383 174 601553
3 502 965318
411 811 973980
468 576 489299
270 477 835646
402 176 227228
884 57 372103
19 888 577084
308 639 796790
228 934 170922
745 418 468205
694 57 570351
527 150 707503
93 723 247966
448 219 532483
183 17 486223
47 203 417837
796 666 418070
501 298 466037
209 817 263325
440 556 505817
713 618 416184
513 689 220965
570 350 300745
785 327 778795
291 813 123795
477 127 494406
839 644 356021
456 949 380784
858 205 339930
305 956 501138
439 408 889566
962 736 757955
909 126 137466
525 729 940748
863 520 436120
354 157 919106
495 741 493977
52 596 398368
430 346 473530
741 276 371345
812 677 941716
88 121 596510
54 743 47476
681 241 520126
464 648 195802
59 986 527132
374 398 655963
240 134 659921
808 714 37288
494 631 632058
587 369 104748
238 726 351979
685 366 82078
605 268 25382
689 682 521933
10 733 859293
198 104 656280
477 473 377243
953 6 302477
964 226 260373
740 370 442983
275 71 305391
221 507 989422
604 579 14180
769 565 745507
271 208 269998
891 988 581622
773 885 266947
852 331 26998
327 658 52632
655 631 17380
890 553 750138
58 512 593258
836 948 450332
366 983 826322
950 863 70030
452 964 298925
799 583 734344
827 976 624855
277 825 869058
138 788 208214
859 47 345628
487 890 9741
278 496 127851
547 848 691978
940 203 998318
585 404 91450
637 589 127989
809 725 581206
163 730 900046
590 375 790351
799 696 524213
443 631 154068
901 666 679833
140 996 904362
858 178 918700
180 337 304378
24 4 416869
21 920 908130
148 405 522976
864 790 330579
376 455 553479
194 579 390599
276 862 591405
849 931 95081
375 389 979835
111 127 554043
252 442 348940
386 493 445445
165 548 219398
333 995 62901
31 198 51736
307 595 666370
645 408 783441
646 479 829552
343 286 299989
679 706 932475
365 976 723622
141 624 23811
936 749 379079
41 801 638654
900 294 476404
968 923 68952
860 311 246078
502 849 442523
480 200 418882
773 178 126443
642 737 920039
431 136 555189
300 827 338321
811 546 676929
677 176 458867
980 942 846549
635 732 23033
350 82 852164
86 948 411595
282 407 977623
181 929 754246
852 348 687315
599 311 874198
149 663 98457
852 839 446152
290 230 331226
567 234 432147
840 335 740678
317 254 562846
929 39 602690
786 109 236585
752 393 222961
110 457 988534
53 715 27634
103 79 376085
130 196 365783
742 869 171384
892 598 734067
40 666 213211
654 920 985550
329 899 670170
762 89 876591
838 918 111792
822 237 139218
820 132 539866
991 804 671131
625 898 598961
648 661 647111
841 672 768145
176 96 919880
243 974 545039
561 637 206336
566 193 355114
475 537 390270
741 5 556640
436 586 275565
946 354 145874
531 674 248031
519 915 369876
109 123 665399
108 622 320181
356 793 502001
59 699 644978
846 645 314636
696 846 252616
255 20 161614
577 991 826160
257 896 694569
63 265 29227
582 64 449199
600 943 338588
650 939 760849
57 371 133764
495 751 385115
164 229 491146
731 188 40413
696 56 717891
742 357 497410
478 275 305407
65 573 273251
421 853 707513
143 774 367535
534 480 151564
789 227 55288
743 141 587828
742 78 584584
464 247 67319
52 862 568659
861 247 410426
730 578 577050
379 968 689727
446 356 908562
94 893 678339
182 662 326975
523 687 984438
897 645 426873
555 21 63904
549 526 472946
195 880 389450
347 873 895276
753 140 292715
402 147 567214
216 862 356946
194 533 447121
615 459 159295
903 897 957313
992 370 144543
352 445 459197
672 661 629749
977 478 147880
247 909 375540
284 297 346062
690 534 434984
520 827 727330
72 818 571510
398 491 906325
467 697 199965
885 658 491321
921 92 136962
442 455 552368
932 477 91729
376 950 144335
677 718 463358
352 36 811626
61 672 388813
634 810 806876
82 789 667730
187 365 331533
953 447 377811
493 300 211497
919 478 980629
675 690 368251
96 994 388789
331 532 838351
222 761 787726
364 829 373333
309 654 303489
279 245 30102
193 328 627655
340 961 231261
977 747 889228
473 716 161848
221 731 851157
172 401 443073
215 40 516749
771 19 864575
742 417 928670
347 681 669520
237 320 449887
321 690 825012
33 958 936271
451 390 104843
305 982 116568
853 403 493282
98 168 576712
930 27 494926
123 464 12185
931 827 6619
693 562 242146
217 188 574406
919 342 590520
915 364 960649
161 413 953083
234 415 856064
262 594 679869
591 743 943913
698 16 611064
1000 339 467443
547 349 714156
893 767 401868
607 170 100557
717 333 895595
688 915 761013
184 640 694926
465 400 262766
298 278 13107
129 949 909531
322 253 891569
806 408 155811
600 88 533532
959 924 908013
342 459 79739
77 125 249814
856 309 828963
991 144 224191
127 276 412636
519 888 588924
669 629 328876
269 353 984470
981 164 780367
284 391 49113
109 404 498801
682 96 609817
48 338 498127
314 165 834358
714 753 779665
983 225 708049
429 549 724000
976 868 84461
261 214 194768
965 503 667115
67 196 637182
865 807 639259
108 546 922367
214 897 958388
161 459 915279
312 606 506623
960 847 345883
236 166 43931
500 64 87677
833 523 495857
235 833 547729
678 190 538760
85 432 987277
344 521 99369
505 531 791301
23 117 236390
93 213 24232
392 564 536009
333 966 795325
702 345 334492
683 302 296083
139 301 607851
485 149 43781
263 177 496963
615 250 337487
356 43 672037
32 924 250275
421 729 193975
177 609 564278
334 4 933818
299 936 424166
949 780 802228
200 592 385809
995 912 901719
73 368 375076
854 212 672164
122 385 446627
945 707 761222
313 223 379532
233 245 720742
70 290 639135
993 960 535620
986 584 505400
853 341 201724
787 197 701511
208 947 1150
697 502 786337
403 552 515549
873 388 999987
998 978 134595
875 938 394778
497 547 502977
729 588 108610
927 690 818990
772 331 41440
534 778 574336
488 285 795897
179 383 60479
469 277 44922
54 385 112772
316 426 352194
27 311 732141
67 480 865657
250 656 950731
43 38 578341
796 726 53689
412 505 473799
619 359 729338
607 505 443070
597 119 69684
175 219 858578
976 524 387105
928 838 103355
554 24 879975
311 396 697164
614 120 313538
439 460 630890
492 402 229426
320 385 79872
699 621 397218
555 556 507383
862 32 614670
122 200 649528
939 219 108118
244 768 917641
421 302 176683
1000 326 362127
66 511 359121
603 329 696420
111 244 310427
434 85 261110
186 858 243140
915 220 203811
402 256 282452
893 200 319272
199 534 624597
914 373 142404
994 479 453218
279 975 836648
183 227 51437
466 920 260684
723 644 255098
546 52 617533
812 516 288519
481 802 141918
348 813 318431
416 309 294017
799 422 636350
115 247 366703
641 388 458734
811 233 550051
674 787 743637
777 412 969610
890 670 587592
833 882 78473
423 69 778679
12 49 825935
511 168 870360
852 945 804686
602 937 11128
90 367 812544
991 61 201958
993 646 649135
191 136 967844
648 241 595087
758 446 494891
725 938 169481
423 990 603001
984 218 897884
816 12 856409
239 695 359144
330 833 284795
552 636 157310
116 626 186086
618 249 394510
399 867 191285
116 361 58990
281 337 582336
729 703 93003
93 700 316691
805 431 417479
160 199 553601
959 922 764805
981 360 120888
597 282 26705
779 449 179180
737 42 972559
778 761 955180
536 468 619291
820 206 371690
205 921 830007
981 48 624348
990 357 114553
576 829 733754
143 708 891312
120 220 861664
421 562 547280
493 655 687934
546 572 974271
67 547 511890
782 1000 709006
239 489 5376
20 263 267648
854 852 108965
677 112 867050
549 957 750251
562 580 89893
736 371 97493
223 826 499846
32 112 246657
174 844 26351
106 355 670600
249 251 371395
246 694 250351
728 124 259084
489 114 455070
851 841 12513
173 747 191276
220 542 12359
206 387 192834
907 237 327495
601 946 146789
545 468 784600
530 17 573981
640 54 531457
684 18 356921
590 494 140097
80 161 820468
283 395 165517
51 186 716720
83 233 243460
595 463 510867
941 852 969488
765 608 826702
284 388 251239
248 169 839958
906 917 157497
535 520 306820
298 591 543143
226 298 955936
121 289 609368
965 194 956399
974 906 17957
138 25 512654
691 856 57316
297 388 200633
405 371 212256
651 156 546335
439 47 510343
216 623 71803
936 885 156340
609 371 51577
937 939 430308
65 684 885943
221 639 865312
328 238 355904
732 499 667107
95 244 428259
556 68 234773
363 232 232803
340 285 444887
417 713 209875
710 394 930047
563 937 167991
878 797 39904
842 36 993279
911 767 590295
790 332 541613
871 288 400202
896 609 111870
643 773 728991
171 509 288051
64 354 410710
645 438 884770
874 788 107023
152 763 8124
296 990 374421
263 883 199932
16 967 401615
215 433 505957
287 706 93763
734 400 10545
544 424 76823
53 746 413850
809 939 609564
617 103 498755
138 550 696311
362 992 534765
569 155 713087
292 287 372368
477 967 524158
575 147 22832
378 668 173753
576 39 955281
380 426 181470
891 135 85695
227 997 722872
564 451 618823
622 979 83195
597 110 756991
193 244 671164
254 34 507468
895 698 554742
841 247 406016
373 720 623122
880 956 315616
37 812 207109
703 791 78187
299 760 777781
822 209 992988
788 911 346110
360 26 238285
745 885 736214
855 334 412672
935 641 992260
906 686 268210
372 465 638606
508 815 427034
911 946 374312
778 815 367734
563 370 715040
685 440 958654
783 895 516241
383 974 675910
153 861 91466
649 985 909275
728 884 300175
290 43 401546
520 728 222991
454 79 825191
535 448 250260
500 834 906725
388 15 677698
382 988 740298
681 359 642445
764 74 575476
402 593 524972
497 915 920635
766 474 125558
526 328 731471
914 693 930244
83 626 206973
75 113 831822
854 563 534986
47 589 360550
8 536 236043
496 583 554620
221 697 943877
922 564 398861
253 752 75598
899 894 400984
967 955 584780
901 878 352151
116 584 553062
111 237 163106
676 266 31031
960 317 413617
498 659 901209
69 729 729620
831 689 305797
394 321 567335
442 604 17035
118 213 266505
705 454 469978
273 62 606200
644 295 598650
748 264 352763
880 842 844231
329 958 908054
487 747 899337
940 33 944914
916 527 136047
45 885 613427
799 990 994782
981 793 21790
829 354 933104
876 594 991031
920 576 995210
633 908 531841
387 48 222163
198 216 195739
779 93 394203
850 133 578180
424 880 277074
784 606 825358
285 646 611062
858 661 798928
162 386 196774
491 911 256650
531 68 219973
918 15 286456
157 991 727706
620 853 689018
154 358 510322
430 122 981701
80 242 513070
63 465 663860
615 448 439819
592 140 699365
367 129 726150
665 866 252471
133 644 98443
107 182 820470
283 7 685915
979 99 745420
950 480 244022
97 948 438601
3 515 895308
718 268 128811
502 575 432753
957 800 511459
513 87 545601
869 217 459759
158 916 488350
730 376 668512
837 902 853203
593 486 825309
837 929 819474
944 689 799160
76 466 504379
217 780 54753
188 402 914099
287 671 82347
780 692 156641
390 38 43252
650 750 803891
33 933 737888
207 347 858061
38 816 647307
937 722 157086
621 281 744119
250 123 712447
783 412 447647
455 676 410519
797 63 631637
99 515 443868
511 192 458711
841 9 419027
89 772 645836
825 716 204313
792 903 50204
381 28 3949
11 612 723232
630 354 959276
730 341 373840
663 333 293678
336 132 959965
241 757 209275
903 315 793470
103 677 471014
561 928 672996
405 989 810978
838 116 55141
320 835 415400
136 626 766291
688 897 908495
583 346 777506
661 60 68105
122 784 585892
767 735 368070
462 448 611874
327 914 252398
73 359 171298
113 335 842694
449 837 427993
810 938 871424
675 147 347621
581 362 72583
312 836 211587
938 432 586663
176 876 641740
961 433 652128
182 202 588283
268 91 223835
431 12 70829
733 185 624072
235 184 18288
237 847 320649
955 642 382972
510 50 822094
92 119 441262
989 283 713758
369 774 597015
674 396 849770
694 780 439540
924 255 635160
933 362 582167
97 54 658308
265 791 729743
156 606 841625
599 968 100881
357 130 320980
918 30 968491
428 634 496424
299 333 770033
112 191 885947
367 859 637711
424 164 624070
258 875 32638
815 382 672484
612 519 945340
787 138 239825
190 967 602377
801 202 641990
207 914 745772
452 65 233906
948 279 338774
869 122 377926
380 685 102997
605 445 534835
660 329 296135
620 854 170499
733 905 919183
799 237 580151
448 577 266651
418 217 254215
987 78 535466
384 574 357310
465 405 9982
148 979 44006
747 394 69999
342 869 564429
664 444 677765
195 964 106874
13 235 124831
429 963 73302
472 510 264902
562 814 175458
430 540 767431
392 71 660529
455 632 326178
4 981 409371
693 760 740306
351 288 763863
289 892 560796
303 107 83486
611 425 590762
951 98 106385
607 576 417570
457 970 532452
16 93 970866
487 108 158198
219 183 867367
133 648 587181
546 6 420738
989 792 807189
429 321 262107
577 292 84015
40 737 180253
104 117 251875
631 186 309989
443 645 314904
597 603 118564
10 351 792525
520 729 215293
169 622 319248
144 749 578844
35 44 811619
548 439 135507
396 942 851636
585 910 365649
426 680 606721
60 178 839197
130 226 515919
156 706 656052
122 441 407846
660 979 535954
297 800 457692
857 528 87226
900 170 704009
770 606 6818
59 774 719886
871 783 363628
447 363 45247
826 602 553696
329 73 431290
308 881 964998
813 802 749478
456 843 195903
673 506 591829
212 329 181708
654 704 194298
719 930 826970
716 443 131854
384 830 42851
9 588 541913
254 695 640776
639 935 612309
66 218 794151
578 378 160320
632 935 135644
887 776 608310
697 270 891229
434 673 941712
970 890 672737
827 296 716880
738 274 856289
790 233 373292
482 201 272756
147 986 186771
418 159 517734
228 844 610675
33 115 616025
194 491 49351
78 599 146073
793 144 897067
524 637 998981
549 683 764851
459 622 483586
17 765 305565
950 716 433462
294 486 61798
319 187 397248
480 965 755755
795 561 488281
746 987 922842
5 58 507067
291 877 199502
177 607 576211
845 240 588224
770 582 53650
680 855 214483
130 461 766410
332 308 759040
139 137 55618
346 860 846468
671 143 632129
46 508 46272
223 586 686316
1 45 433728
558 755 627135
133 768 295487
877 305 204830
607 796 472805
926 982 505312
308 640 794539
441 510 875213
584 963 830734
266 732 688268
450 422 150530
121 839 665188
498 928 312635
133 59 864496
235 978 283543
776 105 972244
993 771 834750
69 187 473069
529 663 434616
101 318 787613
245 160 72684
765 141 971003
998 111 770386
764 184 875767
568 851 1497
9 566 638087
427 600 271063
68 69 990998
423 504 137313
450 365 762834
339 578 284635
641 619 968184
502 456 152941
624 669 451992
205 290 934830
905 158 618650
672 666 340992
117 336 610405
366 820 331531
688 691 974479
788 338 989209
608 715 987046
462 604 914473
978 457 637086
811 945 795154
419 882 235403
231 823 763221
720 239 535029
466 101 892944
504 100 437736
224 828 523854
704 834 804208
845 530 873500
807 280 115912
491 735 693021
714 605 500562
363 272 215512
532 764 884169
302 41 89613
946 811 414786
957 569 989937
946 314 299057
817 20 490752
550 414 239156
517 226 561550
586 843 68216
159 12 199896
242 594 488520
532 821 86854
539 295 101734
473 199 771807
134 142 799234
882 936 975663
975 25 853821
700 728 775952
694 893 694766
545 492 194642
796 733 216582
309 907 601937
745 709 728191
69 608 103725
299 70 999727
842 427 663885
47 98 382602
673 353 440021
193 904 382863
200 161 194865
965 553 320491
744 762 20559
385 164 310189
393 328 642777
37 993 371592
542 756 563904
183 810 179890
481 673 732967
189 252 992098
472 117 985563
702 297 41747
518 288 448483
707 469 255680
627 28 313033
709 553 134552
317 151 398614
336 452 668400
919 46 770177
543 970 228004
299 966 711380
929 167 214762
340 437 101281
37 232 227760
521 232 310295
163 227 979906
124 538 889934
8 647 449231
841 213 911915
718 608 845169
7 943 767951
802 660 955178
817 613 197874
784 447 722236
174 939 824412
345 912 372580
142 678 885243
662 145 799875
553 700 167369
852 17 751886
697 694 848918
792 47 863076
828 643 278357
705 73 118865
769 625 354430
856 797 994179
315 798 302518
752 90 677113
167 516 520230
681 919 706108
565 106 758994
546 735 719540
817 466 398430
207 613 665103
519 333 234135
912 79 478756
653 959 471586
606 7 138902
738 902 742225
427 494 922710
927 551 160281
514 540 927883
458 56 778247
124 147 85441
323 627 210545
525 879 166589
541 423 558901
907 197 592042
933 599 268896
221 458 38929
950 473 989182
128 903 903977
394 237 694553
512 271 403580
492 254 206541
862 731 855950
912 420 407949
579 90 871256
899 279 36788
293 795 946809
274 97 306150
583 107 15608
714 673 332490
880 522 819555
626 492 853531
588 85 35567
605 544 708941
800 651 692067
115 713 505027
755 167 9640
135 279 61161
229 429 87063
117 505 163101
424 730 316441
355 271 611581
43 45 351503
369 979 977999
453 255 606139
71 605 512494
207 436 755070
78 932 366840
660 195 380751
835 933 919578
264 80 296243
2 905 711597
140 681 454339
821 186 445003
261 941 578646
967 710 889993
149 501 709849
972 139 579958
102 953 506591
872 487 800639
181 674 666735
468 558 321571
234 130 851139
697 374 689857
663 551 659887
806 289 692603
15 191 109122
225 296 207506
432 704 699332
