2000
26 49 898295
89 86 959968
96 41 769072
60 6 215417
74 62 90283
53 37 900724
26 35 119818
32 28 168658
17 40 257638
60 46 472703
31 23 904290
11 35 233305
71 6 766547
8 19 819336
76 85 954644
85 40 137261
1 74 128015
1 80 792923
74 85 621667
33 44 860009
20 90 59914
42 70 527309
61 51 466701
28 87 174743
96 43 398824
98 40 379078
93 7 105737
24 36 828719
12 23 19437
30 72 216763
53 45 80537
85 13 231617
47 36 897159
1 9 798730
92 67 434399
76 15 75312
81 78 518296
39 97 596576
34 2 792908
73 44 665558
82 97 781983
32 84 184167
3 62 561803
48 84 663086
19 43 532697
60 78 184398
25 56 937553
56 72 322783
86 96 958672
90 34 272560
54 71 923815
92 4 901823
69 43 902948
55 3 143554
13 43 641450
82 78 892421
98 100 995231
86 46 901215
63 21 381732
56 63 363287
89 44 744591
51 82 93444
4 80 693622
51 37 709072
66 16 892806
81 6 857987
99 5 306394
98 25 84374
67 6 395961
82 34 558242
48 62 81841
39 66 349077
80 58 936944
85 79 857961
86 88 291799
14 21 961666
67 3 204394
48 58 56898
65 62 676576
74 54 686965
89 81 696182
94 39 249215
97 46 169047
87 5 668977
44 36 357581
29 70 929190
4 45 806362
10 2 584445
66 59 578869
15 92 965528
93 61 90157
7 84 236446
56 13 209203
75 99 608864
27 97 165414
49 21 215590
63 59 747264
15 37 648844
47 71 331473
94 77 989527
77 54 944415
32 14 424809
15 87 168811
19 78 887695
34 80 95723
94 22 332437
37 54 110506
39 71 634974
35 20 739342
73 20 193912
26 25 41233
60 33 310886
65 61 525539
69 23 223307
41 60 961376
66 80 819769
89 45 73338
27 62 568755
74 77 379222
19 36 883101
81 20 477243
8 94 525778
98 100 375519
1 35 433512
33 20 831691
7 66 25353
94 44 252678
66 88 79066
3 29 412392
45 29 72664
27 37 277203
96 48 881812
51 37 196688
61 48 530764
28 82 799980
53 66 542716
46 70 905529
40 84 930776
24 95 387742
83 16 909959
76 21 21533
13 18 165633
26 100 789722
24 13 291009
53 96 281999
38 50 546935
81 78 179096
86 82 981033
87 16 758255
70 16 518059
28 38 524261
82 56 691890
10 95 267281
3 22 635764
4 90 606747
75 68 686547
83 51 786537
16 80 973619
3 57 26093
89 77 911456
26 67 237351
52 78 21526
61 10 767874
22 88 997401
93 50 462958
94 58 816381
11 70 605230
76 73 835168
46 16 225636
47 44 569210
48 10 518838
48 17 967216
30 69 200213
40 58 571628
89 60 588224
65 25 381589
58 31 48343
47 95 700214
44 62 767334
37 68 391337
96 99 717851
87 58 637394
63 99 120633
76 68 602341
18 70 972041
25 40 23280
65 70 129379
84 77 313646
4 20 137937
74 72 758480
93 41 102997
63 30 781901
7 69 582624
29 2 423589
92 91 834078
84 2 103173
15 12 888265
65 6 162340
84 95 415513
10 72 645984
63 18 509405
41 18 230863
83 61 163932
26 79 105469
87 2 816643
85 72 837741
59 45 927528
71 16 104957
76 72 417601
87 36 586536
32 66 826834
83 90 388319
98 44 102331
75 96 847813
74 90 104561
7 13 568346
67 60 650432
92 70 71895
45 16 196329
7 97 67028
56 13 536691
93 43 593101
100 5 702386
77 31 892477
49 58 608310
14 43 681572
15 16 80026
35 44 106476
15 63 487881
25 90 562961
24 5 303928
41 34 546315
63 2 326181
99 70 559661
67 50 964217
38 36 238042
61 47 5853
38 40 555864
85 5 224888
52 80 669982
91 4 41377
53 92 834432
10 64 30549
27 21 898548
86 30 369151
53 17 454931
15 42 323298
7 68 688170
33 50 538067
66 5 737352
16 23 590876
37 72 458693
98 63 676990
55 91 322583
93 96 363877
15 100 878570
81 62 318207
82 5 479580
53 54 125662
7 2 192611
92 9 338340
63 9 487475
16 2 690772
27 82 594567
49 36 575820
57 62 504222
96 34 908411
38 2 567605
75 79 720683
89 74 512394
17 64 341339
76 5 32908
98 78 646714
53 94 556200
26 65 948604
8 98 608733
11 23 536501
63 30 319629
95 64 669828
93 19 782388
35 91 576604
100 90 932168
10 16 722025
81 88 70657
42 99 22048
96 57 488167
67 72 308954
65 3 843221
17 30 762859
89 74 658698
92 11 609257
87 60 834508
76 18 349782
26 7 644603
98 74 995702
32 78 619651
92 31 634236
65 22 327433
40 29 824120
15 91 546998
3 63 904232
93 82 121150
28 9 662568
32 52 622829
47 39 686899
17 29 798238
3 17 17738
82 79 5005
1 41 16869
97 72 650610
33 58 676064
39 99 889347
77 34 213707
85 51 541208
14 20 340541
33 20 34123
69 45 542790
49 77 338960
4 62 66005
8 92 971882
15 86 617047
86 57 490999
74 90 905521
51 18 918058
91 95 65804
51 73 978164
55 42 508803
91 72 956507
83 29 727542
44 22 679119
67 63 311442
41 62 210965
87 34 924855
96 14 296260
3 21 792972
17 68 454666
17 62 771201
39 17 917228
82 62 133612
61 80 290014
25 77 146550
24 46 421970
47 71 537233
49 44 838399
47 40 664645
27 70 31862
56 71 937387
26 4 369927
76 12 290041
3 58 847068
13 78 490912
91 70 171449
16 78 481451
69 9 18833
21 36 294822
53 7 907507
93 96 775397
98 99 608439
79 78 25592
89 100 725747
98 80 298370
59 23 318637
27 90 719225
77 81 577558
49 58 178550
96 9 225813
74 31 550547
7 17 600928
13 78 317280
98 94 62517
39 49 457288
65 45 861541
28 73 307932
40 4 447814
57 34 933332
1 27 976519
26 56 734050
11 85 20899
87 22 451882
7 36 346760
42 5 243642
49 30 780367
13 2 487753
83 75 789007
92 46 807966
18 21 747527
32 22 512467
5 43 638707
48 18 282859
68 34 467565
66 5 363912
4 6 925913
19 64 487760
57 4 184713
49 17 190052
1 69 557561
13 36 662190
12 47 856451
93 55 607837
90 2 116412
35 100 282128
57 43 548289
89 37 769493
51 66 989016
47 62 138144
88 78 270935
86 77 691520
59 88 283237
11 41 476630
65 5 781328
79 60 385962
75 33 293883
47 6 817700
47 23 312298
37 49 742331
56 10 624895
81 21 647872
3 6 684047
66 50 13468
3 2 141453
28 80 423417
51 99 246406
61 66 80869
45 64 167701
18 50 792970
24 93 95070
13 95 856733
53 91 935838
37 95 96502
47 44 812346
99 31 831058
85 88 548682
84 69 479362
77 62 653461
12 3 15064
35 71 809795
3 84 445768
7 74 998966
61 98 965788
91 10 246395
75 95 123680
32 2 272300
38 69 290610
75 99 90592
40 52 405214
61 95 249235
37 5 64528
74 49 317318
84 5 419699
90 18 729780
73 64 320278
17 79 805026
83 86 383428
47 16 963086
69 60 913164
74 56 605169
83 74 106606
13 71 777976
41 84 721682
43 21 75422
1 100 483768
12 36 624330
96 62 664709
67 60 766080
42 47 384234
63 58 659892
52 6 694849
15 54 396534
23 78 655311
7 54 164075
68 52 315258
94 64 62726
63 99 521401
87 17 844992
89 25 842410
12 44 423869
93 71 430363
57 22 232071
51 46 440058
67 100 964275
76 47 86652
27 14 919538
39 58 84478
61 74 963410
11 39 707582
56 52 447485
83 53 144709
1 61 187389
32 81 447083
63 29 676288
19 44 839504
87 82 954517
26 4 683527
3 18 853189
32 48 92025
86 68 23198
15 2 162094
65 86 965003
84 50 930311
71 16 752573
82 62 995564
42 79 741419
12 2 638821
73 43 908639
83 92 357957
93 59 924999
38 60 378878
100 36 46057
95 21 373035
71 70 918482
16 80 247027
77 10 875290
10 62 187835
94 64 937606
71 81 506704
27 11 497288
6 9 650636
87 39 551892
86 91 147359
4 59 138162
10 46 159941
48 39 786180
73 68 312581
17 56 968327
83 40 925118
49 45 906410
74 18 602853
21 50 257091
98 45 589734
91 58 707335
12 79 751684
54 45 313659
76 61 32671
73 43 147167
44 22 640975
95 5 375130
59 22 850828
61 87 934012
15 9 333372
67 94 771977
82 63 291401
27 88 193461
15 34 640738
25 56 371345
62 50 287492
66 18 89746
66 91 37410
100 44 872540
61 68 584774
71 81 292048
37 49 425659
76 72 43649
93 29 110855
87 30 145259
44 99 999868
27 66 274715
94 97 167519
12 49 420414
22 81 415384
83 49 181556
69 29 314590
20 2 750406
35 69 671249
26 9 798828
19 16 257508
55 66 513973
47 30 877578
92 50 782104
1 81 135867
26 35 777290
83 27 592102
59 79 667204
37 69 385695
69 78 596250
17 40 438694
35 52 934549
41 88 932503
27 91 776765
70 58 689230
3 97 846142
14 62 940737
38 57 887317
39 71 268382
29 52 80870
37 64 888250
67 13 113646
12 17 654114
56 43 380509
32 60 855093
25 79 516268
59 31 52747
86 77 836800
69 14 103424
89 50 200313
48 66 666585
92 95 165930
15 88 461294
12 13 527196
20 50 824328
38 98 868178
32 66 982994
89 35 759907
47 2 244258
87 33 361650
63 29 738240
86 68 929054
46 50 227834
94 33 921565
9 31 677912
32 94 138750
61 36 575780
73 88 908158
34 5 77690
83 45 744606
74 41 932310
91 44 573776
53 29 780273
8 90 826948
37 77 118155
27 86 652318
67 16 47715
12 100 605281
74 39 908158
42 43 713645
35 81 574931
14 88 305347
49 72 699146
26 8 143582
32 4 675541
87 37 771361
8 93 571732
7 40 891398
51 57 462802
77 79 548662
74 25 931680
91 77 159777
39 62 658861
51 80 876177
91 78 846863
25 86 389366
61 5 6125
47 23 533546
7 33 279314
52 81 716990
37 5 529552
26 42 313554
60 9 321797
74 56 366449
33 81 914832
47 6 5668
30 6 554394
77 21 369558
75 15 317534
17 57 82339
28 64 547890
10 70 770430
41 20 14161
15 46 105334
30 95 51948
55 100 797643
49 59 541122
67 49 569616
8 22 555623
67 100 969779
66 31 603264
32 29 710215
33 44 271081
10 50 181887
7 33 54098
37 58 790897
24 70 217867
11 72 243664
95 50 464686
26 53 358664
11 94 616895
65 43 529603
1 58 646155
47 54 162154
18 80 90343
28 67 542947
69 2 949571
26 93 196530
28 66 619584
86 95 624171
35 72 824119
48 36 253016
52 90 524995
11 63 698696
61 46 983303
92 57 844278
33 21 602320
38 81 982324
12 2 530533
85 31 987312
39 79 450190
82 22 388757
67 51 430917
100 6 772678
26 66 24900
95 5 812058
13 70 505290
51 90 61750
56 36 585889
15 88 291886
12 88 681509
68 43 351066
68 88 137593
95 70 985197
11 42 332065
86 58 586214
56 16 31784
49 66 344269
53 56 259802
98 97 895828
75 36 572849
100 73 337606
93 51 409146
33 64 396777
44 6 724458
33 31 282935
75 85 141314
3 14 15498
49 46 284655
12 4 176334
33 78 660584
27 17 45042
73 57 408606
56 63 554903
47 99 64054
29 10 177448
87 10 945542
10 88 867645
83 39 877036
98 71 677714
27 58 958468
24 98 768807
54 64 12560
1 95 375888
37 72 991621
8 30 60328
1 89 774853
91 78 56719
48 66 398553
34 5 861818
24 89 590227
89 30 736991
27 37 691155
97 88 427727
59 9 740531
98 31 514761
68 82 180491
93 16 403992
96 81 157318
52 62 510525
87 25 213558
47 86 353291
81 80 671264
25 79 869868
28 88 971162
32 6 367342
38 73 776311
15 19 488310
65 13 478361
1 92 257574
93 59 990983
8 22 979431
15 64 362822
67 25 75434
11 90 805489
86 68 47902
57 97 641937
26 75 187538
37 88 631202
93 27 305719
61 63 749594
34 6 64526
74 95 663233
11 84 738088
73 63 192217
27 56 149049
56 10 42495
96 20 617601
32 19 364532
53 34 900618
81 72 353124
25 81 386828
89 91 219839
61 55 356016
64 81 782311
7 97 874452
61 73 882305
51 56 424694
15 45 761777
47 30 490954
41 62 734293
1 98 898073
48 58 728130
7 20 624989
38 84 650544
7 65 94209
15 91 397046
81 31 38119
55 17 664652
77 59 158322
79 31 184455
46 6 289274
36 78 706738
37 16 509710
37 64 13562
74 87 50090
61 9 767565
26 3 359889
15 67 22775
97 45 173842
28 94 266028
44 95 68924
35 60 745565
61 38 584330
26 17 369499
65 59 210429
67 17 305332
56 9 985930
3 66 516531
27 39 372998
55 66 799861
75 20 420550
16 43 695157
65 10 992869
61 43 334432
55 95 284259
35 30 996412
53 99 279018
16 2 261332
86 60 872288
13 20 651395
57 77 776713
45 6 612671
32 95 768064
39 21 733870
67 47 854165
53 100 525010
12 87 689442
3 57 173229
7 56 259943
96 4 915440
11 66 410323
87 54 286027
54 63 30675
35 96 965773
7 86 877644
81 90 891781
59 90 63209
73 77 844199
94 69 497131
85 52 931787
41 2 764567
20 99 281946
54 4 555233
5 9 581920
52 81 183486
14 18 575611
60 80 938966
92 12 948657
29 36 13130
25 33 715772
89 62 736565
85 54 289810
53 59 664945
34 72 186031
5 80 757425
57 54 121064
74 4 515606
73 31 256548
73 88 202366
53 32 448170
7 28 379337
48 23 213563
57 22 72519
91 10 998331
60 44 607375
24 5 36024
74 72 365392
62 31 708712
9 62 1328
96 21 91014
24 79 262121
14 29 497758
53 51 137828
24 37 111720
47 43 80899
18 23 642064
92 80 985205
76 36 621059
94 59 667785
14 21 489730
68 69 217526
11 84 638184
76 18 10454
67 86 337952
11 41 709398
24 67 993619
14 79 688802
3 77 840566
93 70 797933
38 97 153190
59 71 880212
5 72 32693
65 81 895393
69 44 91611
90 99 128784
93 46 108148
24 13 260481
83 13 395858
65 22 633289
26 65 222652
30 31 149694
95 5 386970
39 4 892120
49 31 482253
39 68 874038
40 36 491266
51 64 601226
15 38 363321
98 30 38603
49 31 579149
3 96 270470
17 2 987395
74 49 92998
3 29 869224
51 63 915085
38 36 414938
15 43 524495
57 21 27487
3 62 144779
84 77 53038
51 60 11579
54 68 869503
87 52 139460
66 21 457433
87 10 166214
77 95 612843
7 15 599221
48 46 512891
85 19 926610
37 90 318694
37 64 208442
51 77 384603
92 74 388457
45 71 429740
86 77 968704
90 9 413514
61 82 849617
98 33 567634
39 68 589622
15 20 665384
67 51 876357
45 90 859905
60 9 826245
98 36 487880
90 5 257130
22 72 777084
8 94 802578
12 54 721773
85 90 812622
28 64 32818
54 56 325500
65 45 479653
7 27 696302
38 51 960067
48 23 871483
32 44 609604
69 62 838273
89 40 916762
57 40 101571
83 11 839918
64 58 55
11 14 967146
65 61 86755
29 72 593352
53 23 153822
37 43 167171
54 59 694547
28 85 954832
12 98 889282
35 59 128111
12 81 226404
74 96 463590
40 63 739384
86 45 685530
93 29 895623
71 60 168922
93 95 643392
59 43 968390
61 4 543656
61 37 287965
27 94 710407
75 12 185895
92 72 569849
54 33 781607
94 23 443318
44 2 277544
11 99 931585
28 35 550406
53 94 808360
3 6 879055
49 33 200150
100 37 411810
84 59 653280
76 96 217239
26 100 790426
1 51 960778
76 85 517140
5 16 191230
8 39 564433
27 36 342810
89 67 832768
51 43 803987
48 94 868677
56 9 290890
12 30 444237
11 94 209407
48 40 213590
22 31 392319
88 20 474618
28 71 617417
7 16 588367
29 16 234577
55 67 10968
79 36 345222
57 18 41048
8 46 911816
49 69 797412
15 90 261810
54 90 116988
51 62 678768
35 99 554024
12 74 762168
90 99 18192
55 81 829518
32 47 661002
61 35 12331
87 5 407025
55 67 208856
94 57 705358
91 64 659856
75 17 633289
46 36 489565
42 68 656979
94 71 760221
24 25 683005
89 50 919481
37 17 236767
63 34 143385
15 25 390241
28 9 232360
73 88 745086
93 19 789428
55 99 448867
7 97 533844
92 34 130506
57 68 612455
17 63 579614
48 44 588363
17 43 120740
42 3 393087
39 80 713870
73 71 408109
24 4 821619
43 21 13470
91 31 74078
52 43 814752
98 25 226518
55 6 78801
71 95 863077
65 56 123686
81 31 818023
35 19 272988
8 41 359657
8 44 686360
32 29 301383
87 37 815969
25 29 115752
17 73 331205
55 41 624696
39 73 913265
84 22 37676
3 64 596901
26 93 172594
35 66 183354
4 18 599503
66 6 519708
1 72 98783
25 50 657167
62 80 933601
30 4 357121
38 63 739024
40 5 223371
48 49 274060
42 63 420263
27 81 636468
24 11 689885
61 49 897752
32 19 975732
53 51 603044
48 2 386291
17 79 553250
39 51 932605
85 66 133232
93 72 506575
19 13 21103
14 64 637147
48 13 863978
38 70 299958
54 72 219163
30 31 456318
35 64 12588
37 60 27819
17 2 152899
83 17 599576
38 17 108210
95 52 185133
4 23 16543
11 3 768160
56 5 3562
82 63 170249
98 71 14418
94 68 581749
74 43 212750
26 75 806546
82 52 904687
91 41 148705
44 34 990684
49 84 151522
69 59 961310
61 18 994871
27 19 149757
8 34 469556
7 72 866310
15 4 426135
11 77 800918
97 72 781234
82 36 551635
38 46 402941
47 25 374165
22 29 457588
7 28 591625
49 40 324490
39 81 350894
61 95 7123
59 19 871725
75 89 504277
100 42 809016
96 95 440475
39 13 594790
39 33 376414
53 66 205436
48 22 972378
22 9 748711
76 78 765877
32 30 641428
35 84 345295
35 81 605971
48 19 782075
89 32 720651
17 90 31751
63 50 696743
85 68 220881
65 63 879037
15 97 315167
94 22 570133
7 25 269718
38 98 111890
51 82 572868
26 58 362157
72 80 997180
39 66 12373
22 62 864663
92 32 227754
83 57 363771
65 41 907
42 58 550235
49 43 697032
91 31 974366
89 67 825024
82 58 46781
79 95 624181
35 85 342282
69 14 483968
98 84 289310
47 44 317434
76 10 32417
61 33 235310
61 95 449491
96 37 20069
93 38 495991
83 63 144438
15 19 528310
56 46 71620
12 43 212358
10 64 180053
66 63 600437
65 97 454355
65 81 344225
19 50 335162
16 50 652694
13 70 550986
28 90 257566
11 51 586811
67 30 105823
79 20 846683
12 23 227245
77 62 19285
86 23 980575
25 94 391647
75 70 554381
1 35 486632
24 71 499513
77 20 450001
34 6 65678
30 78 478575
48 2 512563
13 79 66664
1 59 347351
49 82 118457
94 95 250242
15 69 49195
14 59 783774
25 40 385776
83 32 394607
76 38 299817
79 64 389433
89 73 881465
3 96 865862
42 70 195597
74 49 965126
61 96 99128
84 36 542762
48 97 347428
63 18 896669
26 88 779166
71 52 172562
93 33 312283
67 94 949193
98 19 365227
7 51 725233
46 62 688822
1 46 58692
76 24 967380
74 57 360653
3 81 600076
45 78 194004
53 7 362611
27 39 731398
89 62 71669
93 77 46613
37 21 910049
12 70 684774
38 58 500868
61 97 752816
87 6 312901
48 52 782580
82 63 263625
67 79 418198
7 70 370020
65 51 404592
19 99 118220
91 22 186015
7 39 57780
7 74 162422
86 3 286090
51 21 383217
40 16 956425
77 80 583606
98 96 709468
34 9 129946
1 5 333930
26 75 37394
42 44 752356
57 52 720801
8 76 832034
12 99 489337
69 22 238762
1 19 480964
65 62 121184
53 88 939734
41 56 642395
63 79 976836
65 79 477825
25 22 952180
80 58 612208
91 23 320896
59 33 613652
1 71 36331
32 13 111651
59 58 827380
27 5 34403
38 33 15396
1 5 655210
36 6 667549
86 46 165279
27 67 640894
65 72 990853
89 57 893271
53 6 962520
8 32 506964
56 30 846052
24 9 314456
83 3 455630
39 60 308344
1 72 811871
68 46 254465
14 10 911302
27 41 805982
100 6 542534
91 9 355334
12 45 318696
86 43 838712
89 53 208545
83 45 885982
42 56 712016
5 80 205041
41 22 829438
37 36 26119
74 35 815769
7 66 496521
24 23 860370
93 67 593845
76 90 156770
56 81 441275
51 99 362246
64 9 31606
55 71 208638
85 9 325016
91 31 217246
75 84 750919
84 44 433885
7 35 581775
85 41 96691
1 22 254435
49 57 586887
75 61 222605
35 37 802162
26 80 832381
27 36 9114
88 20 220346
46 58 732743
79 97 904210
40 68 292772
24 49 359907
27 85 527595
93 20 789414
79 80 190848
92 71 706949
89 2 966775
76 92 977288
70 16 543659
88 90 401732
87 96 562044
26 28 506244
61 23 82567
89 25 405226
44 80 948039
73 69 270267
76 92 622408
76 2 490718
55 38 156442
76 78 189749
45 70 656702
39 82 765185
8 89 919689
86 31 829437
35 9 859362
51 91 33338
37 59 865789
8 15 902098
14 97 421108
7 39 717236
68 31 579999
28 78 135025
27 72 713816
72 36 68802
100 36 847721
53 78 432557
25 69 372682
10 90 819265
25 9 472411
75 87 701385
21 78 393368
8 28 431398
41 72 891258
74 87 94442
85 91 235346
1 74 361359
25 82 608671
63 2 398245
38 35 25889
33 78 103336
26 29 692153
61 23 534791
75 61 911245
64 80 779015
97 46 210391
18 34 970108
12 68 75756
59 44 496381
38 11 511368
51 19 746938
48 4 977500
86 37 541429
93 15 903998
19 9 353734
45 29 280728
1 77 438757
92 17 615251
47 99 898742
55 48 770332
76 16 946058
15 78 837701
76 58 664173
27 57 645461
28 16 541702
87 17 539840
69 46 605067
77 6 215705
79 78 766072
85 31 901488
53 44 320110
7 73 74533
66 97 788747
98 60 536876
68 90 117629
28 12 456949
1 68 750915
35 34 638728
41 97 194248
93 37 868170
67 3 965482
38 42 377257
52 18 889143
62 80 203105
8 54 861320
14 95 417495
87 10 538118
74 60 845174
73 71 305773
61 30 731623
85 80 468073
92 96 503887
92 5 4228
67 2 900023
57 63 154555
100 70 819205
8 4 618665
48 58 148226
28 94 532844
24 84 933253
77 30 873407
42 18 131396
69 34 758327
39 79 736910
94 59 393225
12 40 210632
40 60 93606
20 43 81255
63 9 928371
30 20 628434
8 86 819817
52 58 458382
1 26 845342
54 9 331142
45 5 779499
35 68 596315
85 56 3406
63 88 920933
57 6 981474
75 54 820180
92 66 615676
41 40 216826
48 45 850294
35 71 333891
65 51 792560
5 31 852984
26 22 803077
98 54 458091
85 48 596695
24 73 900812
59 31 270475
90 72 795487
91 21 846263
19 95 243276
94 81 565229
96 44 732063
15 29 935625
57 99 394932
31 78 909105
11 47 434123
89 16 855779
12 98 113346
54 69 711413
75 92 470710
100 94 101846
66 82 566188
54 44 701456
33 58 612512
45 58 932556
94 58 586877
45 21 518652
26 25 426897
95 21 115051
82 23 258230
74 54 625845
74 57 468621
24 15 9308
68 62 781687
85 67 49235
93 95 102272
24 79 197481
98 70 7140
65 4 185739
22 46 87585
84 10 36040
55 45 985042
48 71 443618
28 78 585841
81 58 512080
22 34 126733
86 33 996422
28 48 685287
98 49 842620
8 85 445750
74 94 311871
93 72 955535
8 70 565249
12 38 679856
86 46 559647
4 18 127759
84 13 670524
11 99 627777
63 30 256333
83 69 178264
86 36 632892
25 64 918501
71 60 604890
59 88 397349
69 46 904715
65 74 26997
69 21 854658
87 86 141932
7 27 590958
30 22 718335
7 63 860286
76 77 236743
37 50 885092
83 82 84781
12 30 852045
32 52 689773
65 49 660219
37 78 825
27 6 646007
65 57 473218
74 91 114805
8 76 231650
98 88 391651
47 5 973200
92 81 144917
78 2 591273
99 18 321252
60 18 215663
92 88 500822
92 81 251989
48 50 398005
12 22 408012
67 43 730008
12 41 415310
17 77 117612
30 60 769505
11 85 874915
72 70 801950
48 40 675734
41 58 19494
33 50 903891
12 23 185517
55 69 988556
15 67 884471
63 43 808902
11 69 176298
59 9 4275
95 34 355744
7 23 449451
82 14 382507
93 31 461842
24 59 670373
32 91 691188
76 15 902768
76 55 178703
37 90 179814
98 45 898918
41 2 844759
25 59 665768
55 6 148625
84 33 908084
42 58 217947
55 17 140876
38 57 506005
55 15 100833
58 50 299187
7 17 704224
30 50 760858
47 88 732834
34 23 910484
40 58 236268
61 69 494716
68 97 55466
59 58 83892
55 38 846618
54 30 434400
27 48 291010
57 46 764072
65 54 894890
14 6 868869
53 45 173529
53 43 423223
79 43 317442
93 48 936505
24 61 664779
8 80 792415
51 52 154995
87 34 237687
93 40 438479
77 45 610778
77 5 429701
94 50 6704
7 56 952743
61 50 362561
85 41 651955
68 10 779260
48 19 258299
14 59 622110
25 96 530630
61 52 52160
26 42 411090
55 19 513175
38 73 523767
35 40 425463
86 20 28049
63 13 601308
98 45 706214
27 18 287149
96 90 69963
65 98 868415
7 52 531044
76 30 891526
1 51 100874
87 49 13596
38 59 743248
56 23 493508
56 81 999803
25 80 832172
32 64 768516
61 70 316096
45 44 512085
49 20 102945
77 20 558353
76 36 450947
50 31 70948
81 21 175104
29 10 655848
12 68 298156
87 62 108417
65 28 320328
33 9 542367
14 43 627876
53 9 178724
61 9 680269
42 20 992710
97 95 510371
49 14 273252
86 17 545556
51 46 90618
97 64 69479
46 16 580068
4 99 578091
87 100 961791
68 34 351277
55 94 405409
35 45 542423
75 17 254537
35 99 120936
38 78 54540
83 22 889090
94 95 304450
96 54 949327
61 55 294256
11 19 861301
29 50 902119
100 30 600172
82 71 74973
76 68 267301
26 86 582535
86 79 220214
18 62 163590
92 50 595672
89 34 231723
17 6 809797
12 67 706542
83 32 999599
29 16 108561
98 68 870122
47 31 191560
22 18 548625
28 40 131325
77 23 686815
66 69 816215
49 6 563177
60 88 949943
53 19 473694
51 90 688630
42 86 580213
83 30 492867
53 6 836440
87 39 255508
82 4 526999
76 43 803967
92 39 167591
18 50 172042
93 83 966033
63 62 779043
41 77 957760
69 79 69666
87 27 428814
66 82 329900
76 27 412009
83 72 373566
32 25 870815
49 95 613371
38 22 13148
20 34 721018
25 66 257715
89 66 768733
14 4 227628
94 82 996672
7 99 616631
52 64 781847
53 87 774163
42 54 31188
83 92 73669
28 69 296791
30 14 698069
29 43 840838
48 70 319668
75 12 883495
24 42 949566
16 9 849058
1 82 116238
76 56 185122
86 17 367700
65 54 662186
75 17 169353
25 5 874939
65 36 209287
98 43 723396
25 13 616260
7 70 837412
85 49 566499
41 40 113658
62 2 567298
92 12 336881
46 16 402596
92 46 154398
46 6 759738
55 46 924823
32 60 324789
10 64 83989
61 39 751696
83 88 19739
98 60 57324
4 79 703990
14 5 648625
96 4 722864
5 6 702100
84 77 564846
75 92 402614
3 57 578157
85 25 69757
83 77 652868
17 14 75904
68 44 316177
74 70 448558
63 90 455529
32 27 211639
1 82 556046
25 72 197680
15 22 643285
15 33 208541
55 42 502211
26 81 813085
18 31 952686
15 36 394643
97 34 613507
38 88 526965
11 35 403289
19 34 389740
32 52 829997
4 79 822710
66 16 299526
55 11 152546
8 34 162548
1 35 893480
86 19 128159
25 71 829244
32 66 791570
91 81 932279
15 27 621625
98 67 722988
74 46 836021
68 80 911000
7 84 626718
27 14 173938
50 31 715876
87 60 605324
53 48 937571
73 56 686146
24 84 612741
87 79 384802
94 69 947371
40 45 512096
17 73 617989
89 84 96242
6 23 881862
7 60 594796
20 90 452490
85 18 488642
96 77 118448
74 73 750255
100 30 264748
75 3 943743
24 14 962631
87 50 566341
57 71 538767
20 78 268893
67 37 940181
89 52 234296
15 35 176090
68 19 962177
98 34 392279
73 71 438637
24 58 252057
17 10 253830
3 40 33520
74 37 949067
54 33 826599
12 85 411739
47 59 65405
68 22 457760
46 50 676090
10 36 207650
30 58 991079
99 16 997336
11 71 857308
60 20 988273
41 58 829094
64 43 286729
59 36 296202
25 49 379558
94 9 894012
32 64 809860
74 16 27993
83 7 209400
51 54 595770
51 46 74554
75 9 987226
24 72 963181
56 21 32827
75 61 967885
25 71 89852
42 59 108775
16 50 482454
1 58 954827
7 88 423011
35 22 572923
15 43 748431
25 51 287003
18 58 554327
7 77 512524
48 13 171370
39 4 234264
59 18 491997
72 46 994341
30 43 575929
7 42 694231
77 18 556559
75 28 590898
61 37 414429
65 98 973823
15 54 148214
94 30 89878
40 44 115381
40 44 603125
67 57 477015
83 54 911139
51 79 29009
27 22 450588
25 94 434463
100 45 569351
39 5 667933
32 47 747018
29 88 780069
26 49 760887
55 42 78083
56 97 620589
29 72 465480
68 50 77947
57 66 445638
95 81 363883
61 87 871036
85 100 773062
98 100 224927
93 90 203312
86 44 808303
67 51 759557
29 90 211881
89 6 377401
77 33 160774
25 72 30320
32 42 885600
93 92 897046
26 8 527582
91 50 924026
27 68 93692
39 23 133751
79 52 732706
71 70 709714
53 52 192087
89 68 109438
75 73 61070
100 49 749725
20 16 988658
84 13 765564
44 81 744423
75 40 44015
27 59 691664
27 72 433304
38 60 761854
17 45 461190
83 52 276124
25 78 411172
22 31 690303
53 43 116727
19 46 770816
52 9 66317
52 31 593573
49 91 84911
77 82 299561
26 58 602029
89 97 445288
28 91 844002
1 43 893149
42 10 574607
92 48 347363
54 68 294207
91 82 807114
88 16 490220
35 81 514259
12 35 352145
45 71 741996
24 42 629374
32 85 96674
8 19 224584
87 2 316867
96 21 397894
48 97 220260
42 10 236687
98 27 165806
60 50 231865
28 91 630626
13 6 245899
39 41 474200
7 71 604626
55 80 321646
75 74 817119
65 59 227773
53 9 254756
11 64 274053
52 50 812417
39 23 757303
3 69 758730
67 73 818617
84 50 679879
14 95 513303
53 71 25605
77 20 107153
61 5 122669
72 16 537737
75 14 304713
14 43 815908
41 56 23579
53 19 953310
96 39 734872
27 6 80823
56 13 215091
