100 100 100 100
31 55 20 60 16 18 13 90 63 67 25 24 22 89 47 92 26 75 46 69 31 33 78 86 7 98 4 88 41 10 43 52 39 2 5 35 84 77 42 37 73 59 93 83
21 86 2 78 53 70 39 40 72 34 85 88 44 87 89 20 50 84 68 95 45 18 14 69 99 98 100 64 32 1 97 58 96 79 29 49 3 11 15 56 73 23 66 67 12 61 30 17 24 54 93 22 62 76 43 28 35 38 33 75 13 8 6 90 55 74 77 9 92 4 59 48
97 3 31 18 35 100 96 25 68 9 98 72 53 29 32 87 89 26 71 84 82 86 67
37 42 31 83 73 92 74 63 50 35 67 93 48 41 55 68 17 53 58 65 51 95 77 49 60 16 10 70 33 98 43 20 14 6 72 99 34 85 94 87 61 23 52
34 30 14 99 64 35 47 77 54 60 10 34 28 74 61 65 18 58 4 6 39 91 72 66 87 27 23 50 43 85 55 93 37 42 84 98 86 53 8 67 31 83 22 38 76 57 36 69 40 96 63 48 12 70 46 32 78 88 5 92 79 25 2 94 97 90 75 68 13 15 33 24
72 99 85 74 39 58 70 78 45 57 13 56 54 1 25 91 50 61 97 34 10 30 81 2 87 65 42 29 62 3 15 11 35 55 17 64 9 89 43 24 27 93 68 32 14 66 6 82 5 69 8 77 18 51 63 21 73 72 88 48 59 75 12 71 92 26 41 76 100 47 22 44 53 37 67 31
27 35 41 39 78 46 16 20 67 62 29 61 50 13 17 86 66 85 42 87 1
83 85 77 90 67 5 46 10 69 76 36 4 27 70 57 98 40 65 71 1 16 49 81 88 95 80 62 61 83 14 89 41 32 48 82 66 73 63 42 7 8 50 87 52 34 38 9 37 91 51 54 25 58 11 20 92 13 59 43 74 2 47 78 21 44
66 2 50 8 78 68 98 100 31 20 27 38 42 94 69 81 26 97 23 53 1 11 15 44 64 16 41 90 72 91 86 56 75 45 83 54 80 76 67 87 36 92
71 97 49 17 87 27 99 3 25 4 94 80 11 65 98 1 16 96 78 14 35 50 10 76 2 22 7 95 24 39 64 31 43 69 30 57 38 93 61 54 13 53 55 32 15 5 89 28 8 47 82 62 34 9 45 37 59 41 19
75 93 99 18 49 12 19 44 82 59 7 13 94 5 8 39 11 84 77 57 97 1 79 36 47 87 10 30 88 2 35 38 68 83 20 17 23 63 25 65 85 72 70 53
12 43 95 56 19 10 96 37 83 45 38 11 31 78 86 69 97 33 1 20 9 76 17 42 82 84 58 32 71 7 14 39 30 40 23 57 79 93 6 62 91 18 74 36 80 22 60 89 15 5 29 21 13 61 63 25 12 47 87 52 64
4 75 2 19 16 56 67 38 24 68 54 100 73 20 82 21 57 65 50 81 42 22 70 51 61 9 53 97 69 88 5 18 96 78 79 37 6 23 11 39 15 30 34 63 62 52 44 4 58 55 91 10 43 95 17 84 8 33 48 47 12 28 49 74 27 60 86 92 85 32 87 31 35 72 40 46 25 36 26 14 76 94 66 98 13 1 45 41
58 13 18 36 35 29 17 30 69 4 88 85 94 31 91 57 99 92 40 89 32 27 100 78 86 28 59 23 6 15 77 62 11 96 44 10 60 25 98 41 68 66 53 93 21 22 72 74 1 45 14 7 70 38 16 81 54 48 8 51 82 46 43 47 26 75 83 80 33 20 65 56 39 50 2 79 73 55 63 42 9 76 95 34 97 61 84 87
8 36 79 85 94 46 58 28 4 82 48 42 75 33 30 86 88 83 20 53 3 84 23 97 18 50 17 90 67 73 21 31 91 60 95 35 5 2 24 10 76 25 68 78 47 7 38 57 80
61 88 30 18 47 26 5 27 70 84 4 98 82 81 92 90 51 8 39 28 66 62 13 29 10 95 2 37 9 100 34 96 69 55 93 7 64 40 41 50 73 54 20 17 38 25 33 58 19 75 86 6 85 72 11 76
38 37 44 92 59 66 75 73 39 96 53 23 46 57 67 6 47 69 11 19 77 83 25 4 60 24 5 70 63 64 7 8 84 62 42 34 15 56 99 10 72 38 71 91 22 16 31 36 94 81 52 65 86 100 9 50 82 51 48 21 30 61 87 2 14 85 78 41 40 17 20 55 26 13 88 79 97 29 68 27 32 80 95 43 12 89 33 76
47 79 89 48 46 58 77 54 53 68 72 5 32 49 85 23 17 4 14 61 20 55 67 92 36
15 16 37 72 98 59 99 32 76 44 43 46 68 75 13 55 9 35 89 31 100 52 95 15 62 96 23 70
16 61 83 68 88 20 85 94 48 92 95 21 56 90 74 11 70 79 26 33 7 57 45 42 44 55 62 97 5 98 65 81 9 39 19 6 30 99 54 14 31 76 84 18
39 4 58 29 85 78 21 93 16 63 82 57 30 79 52 88 54 12 94 19 18 42 8 74 98 32 77 80 97 44 76 45 75 1 72 50 86 99 91 34 11 43 48 84 56
41 16 55 83 21 91 94
11 54 16 13 40 77 23 64 26 72 67 63 35 32 39 42 89 74 93
96 96 86 35 61 16 66 41 42 43 78 1 33 97 6 91 79 67 92 47 9 50 11 53 27 44 28 7 77 39 68 72
77 87 36 20 6 60 70 51 80 33 93 77 21 79 37 28 45 25 74 3 48 17 8 76 75 46 88 83 16 94 49 52 85 66 5 63 64 40 23 89 98 44 82 2 100 35 69 9 47 59 71 65 90 34 57 12 55 1 56 31 99 39 11 73 86 15 13 26 62 32 18 14 92 97 81 54 38 78 7 68 95 30 42 96 84 61 24 43 4 58 19 53 72 27 50 22 67 41
18 39 81 59 61 5 41 89 53 8 1 70 10 31 11 90 66 50 21 95 37 16 47 77 25 65
6 33 74 71 61 84 68 17 32 44 59 57 56 92 91 4 76 16 66 2 60 69 65 89 3 70 5 41 30 67 13 6 87 25 98 40 51 99 39 29 9 26 90 55 81 97 50 35 96 42 95 8 94 14 45 77 48 23 18 63 1 20 19 43 28 62 46 58 64 83 11 100 82 79
33 7 67 77 2 46 93 73 25 53 23 68 75 50 94 44 54 9 28 56 92 55 63 42 99 90 19 80 38 32 22 3 29 78 45 87 96 40 15 98 83 86 13 20 36 61 59 17 64 24 26 48 35
1 24 55 60 100 33 19 72 74 32 79 4 1 35 44 37 18 10 7 29 58 53 46 20 80 61 56 73 3 88 76 11 26 27 70 43 31 15 93 47 14 28 84 38 41 99 96 50 49 48 22 6 71 85 8 68 90 5 21 65 23 59 78 34 42 63 83 52 17 9 64 77 86 39 87 66
43 87 97 91 14 99 25 33 10 89 81 86 36 15 80 90 53 95 64 1 82 94 50 37 85 98 20 3 62 8 75 48 93 4 92 100 13 23 84 61 58 43 31 69 30 42 70 24 68 96 34 26 18 29 78
82 49 61 92 21 69 4 37 70 58 74 89 7 33 2 9 82 18
86 67 35 37 97 48 75 55 76 86 74 28 5 40 85 14 91 3 49 16 7 68 9 24 61 81 64 73 47 95 33 15 50 25 19 34 87 36 96 89 41 84 54 62 44
79 28 26 73 39 50 22 2 52 86 5 16 77 38 100 4 94 95 79 27 96 64 47 42 62 8 75 74 71 66 49 54 11 87 88 14 33 43 55 91 6 92 40 10 56 78 23 51 44 37 3 58 99 41 67 89 15 90 24 85 1 19 17 18 35 68 83 59 61 82 29 97 32 80 45 53 31 70
50 18 9 44 91 55 42 14 59 77
64 51 85 39 6 21 11 23 66 45 63 22 9 77 71 75 47 56 57 60 7 79 83 82
67 5 40 74 98 33 75 55 31 67 15 61 79 48 28 66 89 97 29 81 50 87 86 10 44 72 41 26 43 76 30 42 92 3 2 22 83 18 95 53
48 58 78 54 22 14 20 83 69 94 65 31 97 63 40 72 36 28 92 21 73 25 95 34 80 47 44 96 38 77 24 43 3 55 5 37 45 17 53 50 86 1 23 19 8 41 68 48 52 10
22 54 57 99 11 85 16 31 87 78 29 6 34 32 26 55 36 89 64 30 8 63 24 97 13 58 93 77 75 76 46 70 3 71 79 52 62 7 28 50 96 74 49 15 65 39 38 23 95 22 91 88 94 98 66 47 100 33 45 37 82 10 72 51 92 80 86 27 60 90 53 61 40 41 68 59 14 73 48 5 83 42 43 44
52 85 91 79 10 68 58 16 74 38 81 25 57 53 18 52 64 84 14 29 69 46 13 78 19 3 37 30 62 54 89 75 95 93 44 72 27 100 77 90 42 97 51 96 88 65 45 94 26 87 20 83 15 6 80 67 63 40 5 66 59 47 50 33 48 55 99 98 28 36 60 70 56 43 23 41 86 39 92 8 4 1 2 49 24 61 17 73 34 82 31 21 11 35 71 32
10 15 51
30 14 45 98 81 68 97 79 60 77 4 44 22 100 30 20 64 6 38 70 10 75 82 94 63 85 53 88 28 7 90 47 18 46 2 23 40 31 33 58 55 1 54 73 15 87 72 67 84 78 9 3 99 8 35 32 26 41 25 42 48 39 17 59 93 24 89 71 83 69 91 76 12 80 66
25 28 76 79 69 46 84 65 73 29 1 33 85 63 2 22 13 57 35 67 81 82 64 56 58 7 34 16 62 37 23 27 15 43 52 24 55 88 39 72 89 99 95 19 80 59 74 40 9 47
74 58 57 10 53 78 70 11 88 80 39 62 34 6 63 46 38 96 25 71 49 56 51 21 72 14 68 83 27 36 64 18 12 74 2 84 90 15 33 99 23 48 69 86 93 35 66 94 89 67 61 47 52 75 97 16 31 20 87 54 91 30 59 55 24 4 60 26 42 79 13 100 82 8 41 81 98 92 76 43 32 22 7 37 77 73 85 29 9
80 70 99 69 83 76 78 57 88 59 74 94 18 72 49 60 4 81 63 45 23 96 48 6 41 86 12 24 67 58 37 68 62 87 42 77 8 27 55 15 7 95 79 84 39 100 2 31 65 54 51 50 40 85 56 44 38 32 13 19 34 1 26 66 91 25 35 21 93 98 29 97 61 73 16 20 90 36
36 86 83 16 59 15 6 62 75 38 74 88 68 64 45 87 14 81 24 42 31 17 49 92 76 22 7 65 96 33 5 99 54 18 32 61 53 78 100 35 39 47 93 23 69 85 77 57 90 10 36 43 27
40 44 73 23 41 52 62 17 96 95 90 77 72 56 47 42 70 6 39 9 74 85 57 31 8 16 49 87 89 51 99 25 26 68 46 3 65 84 12 76 61 58 14 69 30 13 40 38 55 97 81 63 94 100 78 5 22 53 64 91 10 11 34 19 60 71 79 80 24 66 18 29 2 67 15 33 59 28 88 20 35 50 36 86 7 27 45 93 98 21 48
35 44 24 20 2 53 46 64 21 41 85 42 76 1 95 29 96 72 52 82 56 5 48 34 66 33 36 68 60 12 35 98 27 22 28 62 45 100 25 93 19 74 80 17 73 58 89 13 40 10 71 65 11 84 8 51 39 90 83 9 97 50 37 6 18 78 14 88 54 57 63 87 16 67 91 30 7 26 38 77 31 99 3 79 4 55 94
17 45 47 54 90 42 55 2 78 23 36 96 94 12 98 13 82 7 43 51 99 53 58 75 41
68 25 77 91 57 72 70 60 39 59 47 8 44 28 2 87 6 32 97 45 50 92 19 63 40 3 49 83 69 81 55 38 26 93 24 95 99 90 5 22 79 56 74 64 66 33 54 13 62 16 71 12 46 51 89 52 98 18 82 43 96 23 75 4 88 86 85 42 10 94 27 61 11 80 17 20 29 30 7 48 9 14 78 53 65
54 50 24 84 35 32 6 82 76 17 27 62 21 41 26 39 8 79 86 51 49 63 28 80 60 54 14 77 45 19 30 81 1 38 66 37 95 68 22 98 13 33 16 29 61 72 46 83 40 78 48 57 25 42 69 12 100 74 44 75 53 65 58 2 70 15 94 67 93 47 92 34 71 64 4 9 87
20 25 82 68 37 86 71 47 75 87 42 85 41 39 8 50 66 51 18 22 1 84 40 48 78 43 88 26 11 23 65 19 60 96 5 58 94 98 6 21 15 70 76 2 67 28 83 27 36 10 61 93 53 100 80 95 46 20 97 81 62 63 13 79 64 49 57 24 92 52 89 38 34 35 44 69 31 55 4 30 14 74 91 54 99 7
59 72 85 16 96 43 32 49 51 8 86 84 12 47 55 92 99 5 81 82 37 27 45 93 77 20 91 11 42 79 28 17 3 88 10 18 56 13 73 9 83 7 76 87 58 14 64 90 67 40 61 35 68 70 71 38 29 21 2 60 54 50 74 94 41 62
89 9 46 38 17 80 100 16 92 95 96 78 73 62 55 26 49 42 15 27 85 54 51 84 50 10 86 22 70 24 57 44 72 82 48 34 75 11 1 68 83 39 35 7 97 47 21 36 2 29 41 76 87 40 30 81 61 56 74 99 43 3 94 60 52 33 59 91 66 63 58 53 28 93 45 67 37 89 32 88 19 14 20 98 18 5 8 69 65 31 4 77 79 12 25 23 6
62 65 73 61 41 86 81 29
100 98 25 3 100 95 42 94 16 49 79 91 19 48 55 54 40 74 60 59 24 63 23 88 92 31 78 34 29 70 89 65 66 15 38 83 93 76 57 86 13 96 75 27 28 9 32 18 81 61 69 36 90 97 51 4 53 72 56 73 84 7 67 33 99 26 80 14 5 37 46 43 6 68 82 30 2 47 39 41 22 77 11 85 62 1 8 10 44 35 87 52
56 62 15 48 9 74 65 57 19 82 28 39 14 77 90 18 7 44 69 33 1 46 56 12 84 32 98 25 38 31 13 6 26 4 41 49 21 68 87 24 97 70 91 96 3 79 94 40 17 86 64 35 58 100 85 53 52 88 16 27 55 60 50 75 54 22 78 95 81 93 51 73 80 20 29 30 71 89 2 47 36 67 66 5 42 23 72 34 10 37 63 99 92 8
85 5 90 22 33 71 81 42 36 16 55 37 87 52 44 54 95 23 4 3 74 84 77 57 97 28 73 41 62 75 43 63 99 46 38 39 70 58 32 11 2 82 40 98 53 80 45 12 24 47 6 61 30 66 51 15 49 85 83 13 34 93 94 86 1 10 68 7 67 20 19 59 79 50 17 91 88 100 69 89 14 9 18 29
51 24 81 87 89 38 56 15 26 14 34 25 53 61 7 58 47 90 54 68 80 32 17 11 42 3 16 22 4 41 50 78 46 8 66 79 65 82 6 62 27 49 43 77 72 20 70 30 1 33 84 48 45 83 51 71 5 92 2 98 97 73 35 23 94 18 37 40 29 52 99 59 19 95 88 63 39 10 74 76 67 64 31
44 55 52 62 56 22 83 58 9 61 66 44 90 37 41 74 6 31 43 94 65 68 39 30 18 95 73 72 57 38 60 7 64 76 4 1 19 51 12 32 93 80 78 70 96
95 18 68 49 10 2 4 92 26 24 64 1 41 97 57 30 59 96 5 60 79 23 93 36 99 56 6 63 67 58 66 86 40 28 50 14 38 13 43 76 9 84 55 51 17 48 85 69 62 94 21 7 75 27 91
2 30 11 18 66 1 96 90 63 58 64 35 57 83 43 85 3 40 10 86 56 39 20 84 27 97 53 8 65 26 24 68 94 95 41 55 74 19 71 89 49 87 60 44 7 13 59 73 32 14 98 70 75 67 54 50 82 52
94 76 12 11 46 5 20 49 10 84 33 88 51 81 92 40 30 13 94 15 62 28 86 87 6 63 99 83 58 24 44 29 85 37 67 7 54 48 56 23 68 8 72 19 26 79
55 49 12 8 82 17 31 69 83 97 44 40 100 70 26 63 90 68 58 77 98 50 64 20 60 14 47 95 43 91
91 6 71 75 19 50 21 70 8 87 43 57 51 3 13 20 65 84 12 52 32 14 25 49 24 26 2 7
92 95 9 98 13 44 47 28 57 41 6 88 23 60 4 70 10 90 8 26 29 73 61 65 58 59 39 40 3 76 75 31 85 94 71 1 17 91 32 49 54 86 63 38 78 55 16 93 15 82 24 87 66 35 14 22 56
87 89 83
76 15 97 61 40 4 31 29 99 53 6 93 24 23 46 54 18 65 9 64 52 73 16 95 71 91 68 26 1 67 41 51 79 32 2 86 87 14 42 100 44 48 63 81 7 11 34 22 8 74 25 82 45 94 57 49 55 84 38 70 90 69 76 72 66 83 78 5 58 75 36 77 39 20 92 80 33 13 10 28 88 35 47 56 27 3
70 32 38 85 2 7 33 16 53 9 10 68 50 6 75 41 8 99 63
57 59 14 75 32 3 80 23 54 95 16 68 99 70 51 12 38 78 17 89 55 35 93 84 4 58 87
90 86 3 92 25 76 39 9 59 48 35 79 77 69 50 51 47 43 22 53 31 85 73 21 89 55 90 98 44 4 6 99 45 46 66 52 34 82 80 37 14 87 7 84 93 70 74 32 81 29 24 91 63 60 57 17 97 75 41 95 58 72 11 18 23 8 36 96 42 64 83 54 12 28 13 30 94 1 88 67 100 27 5 65 68 33 56 61 10 40 20
63 3 79 39 86 34 29 89 21 74 98 4 48 78
24 38 99 18 59 53 46 61 17 57 76 54 95 14 24 34 30 78 47 71 8 48 45 23 85 13 19 50 70 1 56 4 96 63 32 15 87 67 79 20
32 12 20 53 26 39 68 71 58 73 85 90 19 50 22 11 89 8 5 63 25 95 81 13 62 48 78 6 34 79 49 32
28 36 9 75 72 99 89 33 13
60 35 92 47 79 97 93 49 94 34 89 11 26 98 3 81 27 15 33 80 36 96 19 87 63 76 12 75 69 5 72 23 53 71 85 4 64 54
29 39 52 14 81 75 24 62 1 55 85 97 21 79 88 43 8 98 47 60 12 90 69 89 50 4 45 18 28 92
93 35 79 38 82 55 53 61 26 88 71 90 24 10 95 96 50 64 69 46 2 68 42 12 98 84 66
73 37 45 34 35 50 56 96 33 17
19 1 46 9 41 55 13 82 88 86 89 67 61 100 57 84 76 75 51 62 73 97 63 49 38 2 25 53 6 87 18 26 33 17 98 65 56 93 19 70 27 68 34 69 58 50 36 11 21 3 78 7 72 81 43 12 45 52 31 24 83 54 4 10 30 28 35 77 71 92 60 96 66 14 64 29 39 99 32 48 95 74 47 8 59 80 79 16 94
42 96 86 21 91 22 64 29 9 20 57 16 43 45 39 62 4 59 42 74 47 100 8 23 11 82 71 95 93 76 94 61 83 46 55 44 60 87 85 51 37 31 14 2 25 97 89 33 7 99 28 6 68 78 1 65 72 56 92 75 49 17 67 53 18 30 32 73 66 88 27 50 52 81 70 12 48 58 40 19 36 10 98 63 15 80 77 34 54 41
84 70 16 31 58 84 8 52 42 80 81 28 38
98 34 95 47 13 69 60 46 77 8 44 88 57 19 29 17 55 28 21 31 4 35 78 40 81 12 1 75 33 30 71 5 52 59 54 89 56 90 98 97 18 94 93 22 14 36 84 50 68 24 65 27 15 85 92
7 88 92 45 23 75 55 52 49 4 76 93 63 73 47 96 84 34 85 42 13 21 61 8 90 18 74 81 19 17 99 83 10 37 41 1 36 25 44 79 27 5 29 11 6 35 82 2 66 50 97 38 30 22 32 40 60 64 100 70 3 78 9 91 57 51 46 43 59 48 14 24 86 31
88 64 80 75 31 68 3 55 97 84 40 72 7 54 51 86 1 10 39 16 5 99 90 92 4 50 61 94 52 89 18 98 66 74 32 19 25 70 78 48 27 35 22 53 59 93 41 63 11 83 6 73 8 33 76 58 23 12 21 79 82 62 100 2
46 79 73 81 96 55 99 83 85 21 56 39 25 76 89 36 60 77 92 3 30 74 27 50 64 58 80 49 78 40 63 84 59 44 91 33 90 61 38 16 20 4 53 45 29 69 82 98 94 37 52 35 18 86 48 31 5 54 43 51 62 93 46 70 14 11 97 2 95 1 17 28 47
81 7 88 20 65 5 75 89 6 56 28 94 46 59 11 74 60 25 22 24 1 33 85 54 30 13 15 57 52 81 76 63 14 26 95 50 17 3 55 68 61 31 92 43 78 32 27 100 62 72 71 40 47 36 91 39 73 35 49 48 84
65 8 17 20 45 68 48 43 53 2 81 98 9 91 51 38 25 74 76 46 11 47 14 95 32 28 1 89 26 85 71 83 92 62 52 4 30 29 88 78 35 65 40 75 99 22 54 24 34 96 15 16 93 19 23 3 70 64 56 39 84 67 49 100 27 41 10 60 86 77 55 90 21 73 36 33 31 80 18 97 50 6 59 82 72
69 20 34 92 99 23 68 47 43 75 76 19 80 11 29 17 63 70 15 25 35 50 21 59 62 67 2 69 74 64 66 8 93 5 1 9 26 95 65 32 3 100 72 22 55 78 33 27 86 73 28 77 79 49 41 30 61 18 52 36 84 57 60 13 82 98 44 7 6 51 97 4 87 54 90 71 37 31
53 16 92 28 30 19 82 15 1 8 26 83 45 35 6 39 78 5 22 60 51 73 9 27 38 7 59 72 14 37 3 23 12 32 91 61 68 18 63 52 34 42 98 57 70 11 76 29 94 55 64 96 48 2 87 67 74 99 62 71 54 75 77 79 31 24 43 86 97 47 20 10 69 88 44 25 49 13 41 100
5 37 13 8 56 19 61 82 38 67 3 40 12 97 75 16 18 30 2 88 71 14 98 81 78 5 43 26 89 80 36 27 68 25 96 77 63 44 49 35 58 47 86 50 92 42 52 46 84 72 39 60 10 53 64 70 54 87 57 21 22 76 28 23 79 29 51 74 55 94 62 93 100 33 90 45 1 83 9 59 17 99 85 7 91 6 95 73 11 34 66 48
3 91 41 13 87 20 49 30 74 24 37 31 47 73 75 1 88 9 33 71 14 72 90 53 35 55 58 86 52 34 54 39 26 80 68 27 96 10 60 28 62 77 100 43 66 76 8 2 65 95 21 51 67 61 25 12 63 56 89 22 17 7 78 18 69 99
99 32 9 91 94 95 17 44 29 36 54 38 51 8 70 48 76 26 89 21 2 78 72 77 62 96 80 98 15 87 43 20 37 59 71 13 34 56 63 50 68 11 16 4 97 1 88 14 6 84 82 42 73 12 33 93 5 39 64 28 85 7 30 66 100 41 24 75 61 58 3 74 19 53 49 90 69 23 52 10 99 22 27 92 25 60 79 47 46 45 65 57 31 40 35 86
9 38 50 97 84 58 39 98 14 16 41 100 92 95 33 68 32 77 46 52 1 99 45 78 94 48 74 70 15 23 55 25 27 69 18 26 67 90 12 81 42 57 71 11 44 22 64 37 8 72 87 19 20 54 65 29 36 53 3 49 30 61 17 4 2 9 96 73 62 7 51 83 43 28 91 79 47 85 59
26 90 100 3 51 29 39 9 4 63 12 76 46 66 47 54 80 60
45 65 74 27 58 15 10 97 100 41 73 50 20 14 25
49 7 23 72
14 13 73 50 34 82 33 31 44 25 11 60 58 53 8 71 18 32 83 48 67 89 6 39 100 40 17 27 61 52 62 26 80 95 91 23 22 16 79 90 68 74 29 37 21 43 64 77 47 38 59 85 3 72 12 2 97 46 9 36 94 7 87 49 5 93 1 63 96 86 35 70 24 10 84 15 75 54 30 98 88 57 81 20 55
23 39 74 96 80 18 76 32 53 28 55 8 9 87 10 70 50 89 2 20 82 83 21 45 81 59 34 37 14 46 24 30 5 29 98 62 35 6 52 25 60 72 49 85 48 65 73 97 27 4 61 33 99 58 47 40 44 38 41 78 71 16 69 90 84 51 54 17 36 12 31 7 22 79 13 43 11 75 93 86 1 3 15 92 63 23 57 42 88 26
78 13 63 32 4 59 96 94 68 20 89 80 60 58 62 26 9 75 74 1 64 33 67 93 98 30 5 95 56 27 21 36 22 24 43 23 48 51 39 37 40 44 16 70 85 84 14 65 91 28 81 17 83 71 42 49 73 92 35 12 77 72 10 78 57 76 8 88 31 15 100 7 66 47 25 87 79 18 61 45 99 3 29 52 2
13 26 93 22 9 16 40 75 45 8 97 5 69 49 80 11 65 51 12 21 14 35 87 32 52 73 67 74 46 7 57 6 70 78 68 83 81 42 61 95 43 29 47 18
