100 100 100 100
43 35 75 57 58 93 82 51 84 43 78 66 73 20 15 18 92 55 10 53 60 83 14 8 98 29 38 45 16 86 21 89 99 27 77 17 23 97 71 47 48 4 94 90 37 24 95 61 9 31 34 85 49 2 68 76 13 40 63 42 52 70 30 3 56 41 1 74 36 64 72 22 7 39 6 32 25 28 69 54 62 100 19 96
9 75 6 50 73 5 80 18 14 71 2 56 1 15 17 53 38 76 7 32 42 78 43 98 69 8
81 72 50 31 28 81 7 44 25 74 65 68 88 41 94 66 78 34 12 56 92 37 96 4 79 14 57 69 5 40 35 19 17 52 67 39 42 15 59 18 6 38 100 33 62 99 22 54 89 24 29 87 76 90 75 20 97 82 63 45 43 84 1 70 93 26 2 64 83 73 36 21 48 3 58 77 86 53 23 95 91 51 61 71 8 46 85 80 10 47 11 49 16 13 9 27 98 30 60 55
2 55 15 8 23 42 48 10 43 91 59 26 35 13 30 60 68 28 56 96 75 97 20 92 76 50 11 19 21 4 77
56 81 43 4 45 75 90 55 1 47 39 79 84 63 74 76 48 78 95
11 84 6 90 75 48 57 50 15 82 58 76 60 95 72
24 65 81 92 78 35 30 45 94 86 38 52 74 54 83 87 5 10 37 75 16 89 49 96 67 88 3 97 25 32 29 43 27 91 36 95 69 33 79 100 71 56
3 50 74 41 81 54 95 75 36 92 26 82 47 85 76 73 27 9 86 63 18 35 65 33 1 90 3 71 24 55 57 19 38 97 21 2 40 17 22 56 77 59 89 96 14 51 34 48 37 6 83 58 23 20 25 11 69 70 29 45 15 79 28 10 68 62 49
15 51 47 35 69 1 78 67 22 58 80 66 40 100 43 95 61 34 4 10 18 57 83 99 45 87 25 54 28 5 29 44 9 97 17 37 72 52 2 11 89 63 71 8 53 24 33 3 68 50 90 86 38 73 77 31 76 12 91 16 96 32 30 48 64 26
62 95 92
53 53 44 14 80 70 74 39 69 25 4 63 84 96 75 56 28 73 7
60 36 59 77 91 84 92 53 66 15 100 13 5 23 76 12 82 6
54 99 69 90 58 82 15 41 66 73 75 43 55 6 76 97 96 94 87 93 30 56 28 29 10 53 81 27 16 35 22 48 72 4 100 17 92 59 9 85 18 1 14 91 37 39 31 13 11 78 8 83 7 32 34 95 71 45 68 19 60 26 5 62 54 12 89 80 98 20 36 79 46 50 21 86 74 88 24 44 23 42 51 52 57 67 2 38
21 27 45 67 43 21 28 17 88 62 1 56 51 49 80 79 13 72 57 74 2 73 39 92 53 83 75 87 84 37 30 32 15 35 78 10
59 68 100 63 39 42 22 24 69 57 33 95 49 98 1 87 8 58 6 45 52 81 97 60 41 19 96 47 92 12 3 5
58 56 32 37 39 11 49 38 98 94 51 24 68 33 45 84 40 43 25 10 26 63 19 14 48 2 87 36 17 97 90 44 30 4 85 66 7 70 18 53 16 15 3 42 57 5 89 96 80 9
35 93 18 78 32 46 47 48 17 59 36 5 85 23 3 65 40 14 1 30 66 73 6 64 22 96 88 28 24 86 31 8 10 26 51 38 71 90 75 92 84 94 56 97 15 89 7 69 81 58 42 74 50 33 35 52 41 77 4 76 68 72 13 37 45 61 16 29 70 11 53 80 99 9 60 39 87 2 34 91 98 49 20 63 55 21 54 25 44 43 67 27 79 19 82 57 100 12 95 83 62
92 24 38 100 63 29 65 68 93 52 87 94 70 20 45 39 75 66 53 17 99 73 19 16 85 15 35 55 51 7 12 31 36 98 40 4 11
4 76 41 2 100 27 67 83 24 95 18 57 64 65 98 7 68 71 17 89 46 43 87 79 81 88 74 58 73 59 69 37 10 28 90 61 35
26 63 58 84 25 13 60 79 65 14 26 34 93 21 90 68 95 97 69 29 92 1 81 54 85 35 43 87 36 99 50 77 18 24
30 86 60 87 10 24 31 41 32 2 14 37 44 57 92 3 71 73 72 66 21 27 58 15 67 39 93 8 40 36 18 23 22 12 25 9 52 49 47 53 7 74 16 90 70 61 91 69 46 95 79 84 35 68 85 59 75 17 45 33 30 56 62 19 1 63 26 11 5 48 6 96 38 78 42 54 29 94 100 77 4 34 76 99 65 81 82 50 97 80 13 51 20 64 98
29 30 26 81 54 83 97 36 68 20 90 95 14 16 43 48 53 37 61 3 4 6 33 39 1 44 91 29 45 23 5 64 80 28 75 38 2 86 58 88 27 73 9 98 10 85 13 63 51 34 67 71 84 52 7 62 92 47 49 41 89 40 42 57 22 31 72 35 76 56 77 19 78 100 17 99 18 11 66 8 69 25 96 46 87 82 94 32 93 12 24 50
6 95 89 6 64 70 94 91 1 88 78 65 20 25 75 24 4 63 90 30 61 9 3 86 54 2 32 81 59 85 37 16 21 96 14 66 77 27 23 67 72 48 74 12 26 97 34 52 58 44 18 79 42 49 51 60 5 35
52 38 68 58 35 14 2 5 65 84 3 34 29 11 100 8 52 90 82 25 87 62 81 7 19 24 64 86 66 79 72 55 6 4 53 70 22 47 20 95 16 54 89 12 39 83 78 92 93 56 21 98 96 17 36 44 69 45 28 67 75 13 49 73 32 37 43 23 76 85 30 18 61 1 57 63 80 48 15 94 42 99 9 74 77 97 33 50 60 31 46 59 88 71 91 51 41 27 40 10 26
28 68 58 80 92 71 96 49 20 30 13 87 73 84 6 70 1 86 82 97 28 41 26 9 91 55 67 19 66 79 90 36 22 88 76 50 63 37 81 45 46 24 74 65 42 69 14 43 83 44 11 94 27
84 2 51 65 50 6 89 63 57
18 78 44 33 11 38 53 25 20 14 57 22 3 84 51 45 43 86 40 37 24 99 55 2 31 97 56 35 1 96 73 61 75 30 63 49
85 4 25 99 64 65 42 48 24 35 41 29
57 91 36 92 10 81 22 29 44 17 99 84 78 98 82 46 34 55 1 20 96 7 87 23 5 56 33 54 21 3 97 79 69 58 8 52 94 53 83 26 30 40 100 85 62 50 45 19 66 39 86 51 38 64 68 27 37 67 65
23 60 50 44 65 74 42 16 73 51 18 63 5 1 37 7 23 72 53 80 34 91 38 27 49 87 100 25
22 53 81 46 59 77 7 75 79 47 9 38 22 28 24 100 97 12 41 84 64 40 89 34 52 17 14 86 35 19 26 91 4 96 92 32 2 23 88 37 85 63 5 29 13 39 1 94 42 87 70 67 55 30 44 27 95 72 69 20 48 25 83 68 80 43 36 60 16 76 74 10 50 57 33 73 98 6 65 90 93 61 31 15 99 51 71 21 58 11
41 9 28 95 62 47 26 11 63 79 15 74 3 30 44 6 100 20 40 50 56 66 51 68 10 69 16 73 80 27 8 2 81 86 37 1 83 84 54 23 88 67 85 93 31 13 24 18 19 41 39 96 29 75 61 38 5 34 92 82 65 49 77 72 78 22 91 14 99 7 25 52 43 76 94
39 51 65 63 54 57 19 44 75 93 64 86 96 35 71 81 94 31 17 55 84 42 7 39 28 23 12 67 68 53 38 46 29 79 43 30
96 23 6 21 2 81 66 44 8 76 20 5 37 39 51 11 62 86 89 24 91 31 25 16 9 54 74 59 41 63 18 22 15 30 97 33 84 88 29 67 28 42 60 3 4 78 79 36 72 45 38 77 55 69 87 13 64 43 19 90 1 48 75 52 98 14 50 82 58 26 27 92 12 57 96 68 71 49 65 34 46 99 40 47 56 70 35 94
5 17 27 33 23 51 11 24 97 26 90 22 4 88 52 45 21 9 50 69 72 78 10 7
88 67 10 59 60 16 33 48 74 34 84 79 36 31 20 80 98 44 97 52 77 70 92 28 41 9 1 49 81 55 8 13 19 30 29 65 21 47 50 88 85 78 45 40 95 99 18 51 12 61 35 62 32 27 11 53 96 43 14 91 24 39 22 100 66 83 26 76 57 56 37 73 75 15 63
72 54 52 95 89 16 42 8 17 58 62 72 29 6 11 79 5 69 59 81 87 36 99 40 33 31 19 90 56 98 46 28 39 38 77 67 35 14 22 13 24 43 75 44 57 25 53 50 3 47 82 10 21 12 83 78 2 70 86 96 97
86 56 35 94 41 62 66 36 49 78 27 75 95 64 40 3 91 67 79 10 51 82 20 70 25 11 47 48 61 29 68 26
94 5 34 74 70 10 95 50 55 37 83 56 14 61 57 22 29 43 100 62 6
80 72 69 19 29 62 79 84 76 14 15 59 90 86 58 89 95 25 66 10 31 20 40 17 44 82 48 57 64 3 78 9 56 26 70 24 52 96 12 16 1 39 37 87 27 68 34 11 97 67 41 5 23 49 81 93 51 33 8 53 6 98 38 75 36 100 32 99 65 43 42 88 2 4 61 85 30 22 55 77 71 54 73 94 91 47 80 46 45
79 6 24 76 99 40 14 34 5 8 44 51 17 75 81 58 64 95 53 46 27 7
89 1 75 61 54 20 23 35 34 14 53 8 4 95 62 7 88 79 19 67 50 87 66 51 89 76 32 37 99 40 33 48 11 9 98 64 29 25 94 16 77 36 81 65 42 30 15 78 59 84 26 96 22 52 86 45 71 72 90 18 70 10 17 73 60 93 12 47 27 97 6 83 82 55 56 39 5 13 58 92 74 100 41 46 57 38 2 44 69 91 28 24 63 31 85 3 68 80
32 41 8 39 37 20 56 66 6 22 77 59 78 53 43 91 60 13 28 62 34 47 45 72 88 87 90 93 10 95 32 49 92 36 86 35 19
68 63 58 36 28 45 7 42 8 93 64 100 44 9 81 14 34 3 19 31 30 82 56 21 67 57 72 25 60 70 71 53
14 8 51 2 85 22 21 28 99 76 42 81 60 63 58 68 49 97 88 86 82 100 30 66 54 24 83 65 95 69 25 41 74 79 96 90 98 46 53 26 3 73 5 11 78 84 32 29 38 10 15 64 1 52 33 71 9 27 57 36 75 4 94 16 48 70 87 61 19 50 59 56 89 20 31 55 14 72 93 45 67 18 47 77 80 92 6 62 44 34 39
100 5 90 98 21 66 88 9 59 27 26 60 95 24 96 70 43 46 54 50 83 78 6 2 55 76 44 3 33 39 16 74 15 82 49 71 57 25 8 1 77 48 19 14 28 87 69 85
67 35 53 88 12 4 80 79 95 17 25 77 94 62 92 23 10 11 86 66 40 15 75 81 8 69 28 9 39 43 6 64 16 26 38 34 83 44 29 59 27 31 55 49 7 89 30 97 21 61 87 100 76 42
71 29 90 37 8 19 34 31 12 24 23 69 30 70 99 48 95 41 38 5 85 83 80 35 25 89 28 67 54 78 76 15 33
33 93 35 38 97 87 63 59 23 21 48 8 82 9 80 6 71 11 68 14 70 7 92 91 83 46 100 79 90 5 84 47 25 1 78 33 44 17 15 54 50 30 32 88 19 24 2 36 67 31 76 40 49 57 13 72 4 77 98 74 20 65 3 64 56 89 28 94 43 27 53 42 73 86 39 66 51 22 55 62
38 6 47 30 41 26 48 70 62 34 85 11 38 80 12 83 65 45 61 58 84 73 100 64 88 14 24 51 10 42 49 27 44 8 95 1 59 16 37 87 5 3
40 4 14 49 40 82 51 91 32 54 99 18 43 63 96 25 93 83 90 76 23 62 30 36 2 84 44 98 72 56 87 41 47 13 35 97 89 9 10 60 8 77 73 16 79 37 80 48 61 38 52 69 85 100 94 1 39 3 74 53 31 33 19 64 27 86 17 59 24 29 57 92 67 6 22 81 42 78 46 5 66 95 11 65 28 34 88 12 75 68 20
74 6 62 84
90 26 57 97 92 45 5 87 67 48 76 15 2 88 69 39 19 25 50 77 36 23 93 6 46 72 91 40 86 30 27 64 54 59 62 66 99 43 38 80 84 10 9 3 1 16 11 33 41 17 24 70 89 22 31 55 61 90 63 14 78 20 58 37 74 35 94 82 81 28 34 8 7 85 18 52 42 79 98 71 95 75 49 73 68 13 51 83 100 29 4 21 44 47 60 65
55 11 28 37 97 62 29 81 30 63 56 7 46 4 72 80 18 41 84 36 51 42 6 2 90 58 100 47 35 43 67 14 69 65 64 8 26 31 45 73 34 60 3 1 9 88 50 98 74 89 66 82 59 12 76 70 22 39 49 10 86 54 21 94 71 19 91 13 93 52 96 75 15 23 32 83 48 87 53 99 38 17 44 57 24 20 95 68 78 40 16 61
1 4 43 27 82 53 47 7 59 9 41 48 74 20 62 79 28 94 92 54 71 39 25 23 83 70 5 36 95 56 24 40 46 34 55 44 72 87 17 49 16 38 30 52 81 90 84 63 77 78 73 98 96 8 32 42 69 67 1 12 45 88 85 50 75 2 61 19 91 86 66 65 58 97 76 64 18 29 11 21 57 14 13 99 33
20 45 85 10 31 89 46 52 56 93 23 37 12 30 72 65 57 61 66 73 70 26 44 82 55 58 76 35 84 21 79 43 59 60 83 49 36 16 63 99 5 32 88 62 95 74 78 92 22 54 39 7 97 20 34 42 13 53 100 75 81 87 11 33 64 6 29 69 86 40 9 24 19 41 3 1 28 90
16 79 10 64 86 1 33 75 93 53 85 38 40 14 68 89 41 43 21 94 4 30 95 58 26 24 62 52 92 60 48 96 82 98 61 8 12 97 15 81 19 6 90 42 84 74 67 54 18 39 45 25 49 65 63 50
47 93 64 37 95 96 59 73 86 30 85 13 24 14 8 5 12 75 15 2 48 67 29 61 78 17 58 68 57 72 97 51 62 16 41 27 25 52 4 28 42 21 82 35 84 39 34 53 94 6 55 89 49 91 92 63 87 54 88 77 19 44 32 81 47 11 99 20 45 7 9 69 46 31 83 22 10 70 43
78 100 87 14 97 71 66 47 36 78 32 9 54 45 5 68 10 69 13 52 62 84 39 42 16 31 58 82 67 60 93 74 3 34 72 24 53 61 25 38 6 57 50 91 46 23 19 4 85 30 73 56 59 48 29 77 80 51 79 55 22 21 12 7 15 96 63 28 81 99 95 18 27 11 65 8
45 30 69 21 97 47 80 51 26 89 54 100 28 95 1 98 86 11 77 48 7 27 66 15 25 22 75 41 37 84 24 83 43 96 65 20 31 36 63 3 50 90 10 88 4 39 82 93 61 12 44 94 72 92 81 62 8 58 79 18 73 13 78 35 42
63 72 74 18 59 29 47 69 14 94 78 83 96 87 35 12 50 1 89 99 93 71 9 32 56 11 70 49 65 20 85 61 38 95 66 55 84 75 62 17 3 79 63 4 28 77 54 10 21 53 57 67 81 23 7 82
87 41 23 45 44 31 88 81 65 36 83 72 54 82 89 91 67 5 70 61 58 47 1 69 43 76 62 33 85 73 97 77 16 10 39 18 92 48 24 11 34 80 68 50 63 15 95 94 55 56 29
25 44 84 22 13 15 93 65 32 87 79 37 76 91 68 14 34 40 56 36 72 69 3 97 9 73 45 39 83 16 11 62 38 89 6 98 52 67 99 24 57 4 74 20 19
50 64 27 89 9 55 29 56 78 41 12 36 7 5 32 20 14 22 74 31 19 11 71 80 83 25 45 85 73 52 93 1 91 38 84 46 67 37 54 76 34 99 16 95 87 75 24 49 33
91 29 75 56 86 28 50 15 81 70 97 89 85 91 33 22 80 58 49 47 25 98 1 41 16 44 46 72 10 90 18 53 21 99 12 17 5 57 83 40 67 23 88 36 27 93 60
31 71 76 34 18 24 33 66 58 9 14 94 74 11 62 70 2 13 93 38 81 29 57 90 20 19 1 47 80 22 50 7 53 52 16 99 87 54 41 82 79 21 23 51 88 44 27 39 25 4 67 26 10 31 30 60 37 100 3 36 28 97 69 95 72 46 83 59 40 15 63 75 65
10 79 34 74 38 65 59 68 67 88 14 50 90 85 48 30 51 47 57 98 2 81 16 87 75 71 89 25 99 53 36 58 15 42 6 17 37 72 96 60 94 97 54 92 100 5 12 82 1 4 66
66 48 18 78 31 57 34 30 42 26 20 25 67 79 63 64 12 38 58 81 36 7 17 15 61 100 40 70 84 74 96 33 94 29 90 71 53 10 73 9 16 51 92 89 75 24 77 28 54 69 2 62 88 4 22 27 83 60 98 47 59 66 43 44 6 93 99 91 19 13 76 21 50 8 87 41 80 49 39 5 37 35 86 65 72 23 55 97 3 32 46 14 52 68 56 45 11 85
95 44 80 42 60 41 11 70 49 38 73 10 16 75 50 68 97 67 26 85 74 77 32 64 55 78 51 96 65 81 15 76 95 56 66 52 7 54 87 23 82 93 98 5 99 63 1 22 12 57 28 86
13 31 41 23 55 33 27 46 92 67 14 57 28 62 43 82 18 20 78 53 42 19 25 59 76 17 54 77 73 15 10 61 99 13 39 63 5 36 74 50 98 91 83 58 49 12 51 7 44 29 24 85 95 100 9 96 72 71 47 69 94 86 2 38 87 60 26 37 40 4 22 66 6 21
44 34 30 60 28 59 5 88 15 98 37 58 18 66 49 63 75 42 21 13 53 23 79 94 70 8 54 61 19 83 36 27 47 97 93 52 39 72 4 2 24 76 51 43 92 35 25 44 71 1 96 6 22 65 50 67 64 40 32 31
27 70 85 21 4 57 43 11 35 81 31 30 56 67 53 68 18 25 38 69 2 46 84 34 7 50 79 22 91 59 95 41 42 82 28 19 20 63 65 3 75 72 24 33 58 12 45 94 13 8
77 54 35 85 72 88 86 99 45 61 66 25 24 84 8 75 95 36 32 79 41 6 9 52 29 20 44 98 11 87 4 71 77 69 91 53 90 47 31 74 22 5 83 37 7 1 73 23 40 55 16 46 96 94 33 51 3 100 30 28 59 50
97 34 69 74 7 81 72 48 22 64 38 16 37 83 63 53 82 30 65 87 3 33 42 11 73 97 52 39 98 75 99 84 36 6 85 51 91
99 1 57 69 23 48 7 51 49 47 42 64 16 85 89 44 90 6 30 22 29 21 71 59 35 98 18 67 68 37 66 39 2 94 9 60 10 70 79 4 61 63 72 8 97 74 38 62 83 52 56 84 99 26 78 81 55 33 91 65 93 41 5 40 28 95 13 11 27 82 45 3
61 1 45
19 1 16 22 3 35 82 6 80 24 67 19 94 18 51 58 30 88 62 90 20 92 59 21 28 29 9 72 48
7 54 57 68 11 24 14 5 31 69 28 30 42 51 64 81 93 8 25 44 66 41 87 40 85 80 96 70 75 27 59 21 86 77 89 15 73 46 26 83 43 37 6 10 55 32 72 61 84 65 99 33 90 92 94 62 56 3 4 52 34 38 16 74 18 36 39 91 71 82 19 60 22 23 12 1 9 47 97 95 35 45 53 58 48 76 20 13 98 88 79 100 29 63 50 49 7 17
93 55 69 50 30 68 36 43 45 59 1 23 39 97 32 5 26 78 80 99 52 10 75 15 58 61 82 66 44 83 94 77 54 16 60 34 84 65 72 25 62 6 37 71 81 28 22 4 86 92 93 85 14 91 88 70 46 20 19 56 7 74 87 100 40 63 53 79 12 8 49 2 9 24 96 98 57 18 89 76 51 29 27 95 42 48 31 41 73 47 38 90 11
82 31 35 83 63 41 52
83 60 90 84 99 71 40 8 96 42 87 64 78 20 39 28 66 70 57 54 59 81 55 29 12 46 49 72 26 77 74 97 33 93 30 41 91 65 35 10 5 61 94 80 51 14 69 6 38 85 36 100 53 37 1 89 45 82 21 48 24 52 18 79 73 3 19 50 22 98 13 92 32 27 23 11 58 95 9 86 17 31 47 62 34 4 16 44 68 56 67 63
49 69 44 36 63 52 37 20 31 92 28 46 96 42 57 33 7 90 89 94 65 50 29 9 81 58 45 39 61 4 95 67 17 19 82 87 97 98 27 35 84 30 26 47 5 11 64 100 41 93 6 53
76 97 59 9 96 61 64 17 62 31 13 55 15 14 79 95
64 96 86 5 93 70 67 37 81 44 32 22 53 84 100 97 90 6 52 13 31 34 72 48 69
65 98 21 54 75 85 17 91 4 29 8 68 89 64 34 6 36 32 95 43 10 39 9 35 3 86 15 47 70 2 66 40 42 33 18 50 83 23 90 79 1 81
17 78 44 40 21 50 48 62 99 90 32 8 79 37 20 49 100 83 23 82 7 25 51 22 93 4 53
34 13 76 79 70 5 22 43 11 6 58 47 32 17 44 20 71 92 87 9 41 39 77 86 23 50 62 67 54 2 68 48 40 89 98 74 91 37 36 24 69 93 90 84 64 73
8 13 40 36
69 77 88 55 65 82 32 54 17 60 97 64 62 37 79 22 40 28 12 73 38 96 41 72 25 76 93 20 75 58 68 48 16 85 83 1 98 46 71 36 95 30 44 6 23 4 3 92 87 19 90 15 8 84 91 57 24 13 78 10 66 81 67 18 14 7 99 53 26 45 74 31 21 69 43 86 89 2 52 61 100 70 50 39 33 29 34 80 51 42 9 59 94 56 5 11 49 63 27
12 69 68 96 70 4 94 54 22 21 79 46 18 28 91 31 20 49 6 23 80 66 42 73 83 52 56 10 36 27 87 78 85 40 93 71 64 58 88 63 16 99 98 67 5 90 76 47 7 2 50 51 74 59 48 60 43 84 92 24 8 72 57 13 95 82 55 100 9 30 33 34 19 44 29 45 86 37 32 53
42 92 53 83 13 16 98 5 73 90 69 64 21 82 6 60 32 79 23 100 63 40 7 58 56 94 2 36 81 14 51 41 70 78 61 47 49 84 19 44 37 26 12 4 71 34 93 55 87 39 8 65 89 9 68 15 35 85 96 88 33 54 97 28 42 50 80 22 59 46 91 20 18 66 38 25 74 67 72 3 99 11 45 48 77 86 29 52 27 95 62 43 75
48 90 46 42 49 7 2 97 70 11 82 41 22 75 34 10 68 1 81 78 88 72 31 40 43 29 27 100 84 16 13 73 20 95 79 5 67 12 56 71 93 98 24 37 66 91 47 77 86 8 14 89 80 45 64 65 30 38 44 99 51 9 94 19 6 60 50 23 39 26 87 32 35 17 63 36 52 33 85 61 74 15 69 83
37 51 87 30 8 55 27 35 54 70 36 14 93 85 49 22 68 2 78 67 72 56 3 25 28 4 90 61 88 23 32 17 96 45 59 52 91 10 18 29 73 79 12 62 24 20 86 37 44 82 92 65 98 7 47 1 11 33 80 60 9 84 38 66 16 89 40 83 21 50 13 75 26 95 74 19 6 5 63
46 42 95 71 30 74 26 6 5 84 9 1 75 19 87 31 32 54 72 37 23 35 98 70 58 60 91 81 80 36 12 45 52
75 10 24 99 17 68 22 63 53 69 87 60 9 58 94 82 4 74 80 96 11 30 26 13 85 31 6 67 76 100 62 47 23 25 5 73 32 35 54 2 64 38 44 15 50 36 49 97 8 77 57 39 3 55 70 42 29 40 72 7 84 79 52 88 34 20 28 51 83 95 56 98 93 19 45 81 37 12 46 90 1 59 66 75 21
98 52 50 56 17 15 94 18 70 2 90 1 57 28 75 99 97 61 65 67 77 4 51 88 29 20 40 33 31 73 79 68 89 47 14 81
51 40 16 28 3 14 27 58 89 97 2 70 46 50 77 39 34 51 71 99 48 56 25 91 26 90 52 44 42 92 36 6 73 24 95 23 72
73 17 84 76 22 53 32 71 48 97 33 47 41 66 6 94 90 4 55 98 86 21 60 14 83 54 28 44 34 13 64 78 30 79 88 43 27 65 87 20 68 51 80 91 50 16 26 92 12 5 1 99 11 96 15 58 7 36 61 9 37 69 72 74 85 82 8 38 42 18 93 3 24 40
70 55 30 87 65 67 52 26 45 42 12 35 50 74 64 16 29 71 91 61 85 22 93 40 73 88 79 38 32 9 36 49 6 62 80 53 13 97 95 23 19 86 8 78 7 47 56 69 3 14 20 90 1 82 70 51 46
36 2 8 40 20 4 75 33 19 25 58 73 13 36 38 29 45 70 100 34 24 42 51 88 62 32 67 60 15 97 76 35 87 43 84 5 64 18 95 21 48 10 54 11 27 57 3 90 65 77 82 86 49 69 80 61 50 99 1 74 41 52 16 68 63 83 31 39
