1000 300
134
232
876
601
98
732
463
307
732
186
958
992
733
18
455
480
627
813
820
978
655
669
598
668
150
531
160
65
418
105
265
131
203
550
731
293
833
446
553
901
531
216
706
820
632
418
597
607
982
655
878
856
898
724
431
440
19
507
458
334
762
437
408
941
224
504
768
840
215
150
593
447
585
863
713
708
544
177
562
50
325
423
375
8
867
129
604
533
363
63
517
401
826
616
166
840
116
917
936
23
785
486
777
686
427
575
269
649
66
219
288
728
610
496
424
365
957
223
320
355
362
746
832
876
758
935
667
832
70
836
375
941
128
716
387
137
295
369
728
610
852
967
419
708
707
878
783
128
282
154
430
857
671
776
248
374
158
355
824
750
919
426
279
25
359
691
734
147
44
109
80
567
380
569
701
581
918
878
635
532
7
237
364
27
974
473
18
698
43
383
869
797
721
784
246
167
202
116
856
392
314
262
789
49
768
379
377
875
155
232
861
368
122
94
708
109
644
391
28
510
506
942
180
908
452
367
240
572
80
884
533
881
700
896
382
350
796
723
298
412
105
904
842
334
505
715
126
572
498
73
744
227
864
586
905
349
851
55
686
758
672
195
74
836
613
590
556
307
883
351
236
511
257
911
738
580
780
742
766
774
121
758
375
650
41
903
29
828
385
983
744
521
682
639
737
373
139
640
765
144
