10000 2000
12
279
619
68
421
350
63
532
568
686
397
813
80
790
796
452
822
990
238
371
257
217
685
221
534
994
999
360
150
357
311
199
883
755
499
349
155
34
648
647
143
140
966
567
877
442
27
460
670
841
161
995
1
592
28
85
851
918
658
635
173
983
73
235
692
682
806
12
180
373
523
567
458
881
822
236
588
771
95
129
335
695
772
919
104
390
149
345
319
670
888
104
29
378
287
447
778
41
96
232
575
490
787
716
325
918
66
504
311
585
172
753
317
989
521
412
955
606
650
362
277
665
475
965
930
50
954
219
613
855
308
351
572
21
108
968
406
230
582
138
508
205
643
722
750
988
239
728
537
904
92
437
458
402
534
847
405
136
377
624
403
596
354
495
196
144
679
354
622
885
149
973
697
426
451
712
319
990
396
360
362
877
926
488
358
787
780
230
983
416
74
915
168
56
967
35
409
430
126
980
103
941
148
5
659
465
236
756
448
98
145
640
572
324
240
844
756
224
161
321
253
242
940
936
397
841
789
325
236
589
945
411
757
129
949
248
100
378
239
718
533
663
288
194
347
444
714
493
564
130
685
553
863
390
68
426
978
878
488
761
560
947
414
110
779
69
269
959
400
408
133
912
565
4
391
997
469
242
689
194
228
204
969
810
665
697
924
547
723
51
669
180
83
740
602
464
406
121
486
802
51
712
61
490
363
419
67
854
37
62
694
201
472
506
909
808
8
669
268
605
797
870
700
947
434
803
847
285
842
923
51
177
449
553
873
200
502
122
16
618
335
35
230
361
790
833
774
39
297
694
27
52
535
199
653
426
773
590
144
942
43
760
983
2
917
237
780
272
630
406
979
767
436
214
860
816
194
384
548
485
639
696
949
87
349
945
540
142
748
857
944
295
773
40
526
423
872
628
427
333
99
802
48
185
307
700
652
910
447
646
162
208
190
205
773
952
693
67
910
795
160
441
992
545
480
800
391
763
489
333
731
926
199
894
11
650
855
85
286
902
668
640
634
210
765
394
991
975
508
576
444
581
543
531
320
975
310
391
196
353
27
579
142
570
473
302
430
786
871
652
541
251
21
841
190
422
426
554
26
682
758
610
423
754
552
984
971
506
174
978
599
722
72
384
854
497
89
55
649
463
622
101
301
532
379
584
964
997
646
715
832
52
312
681
24
410
156
755
15
52
278
987
845
574
499
59
928
588
990
194
107
702
811
915
744
955
420
647
650
707
911
379
231
720
721
625
877
415
516
993
875
71
661
59
983
79
685
157
324
963
82
197
23
866
409
135
775
369
37
812
591
7
349
389
566
397
173
96
285
418
326
553
60
87
750
777
424
600
817
33
298
116
547
896
502
677
583
94
536
4
596
995
116
791
953
932
704
663
543
160
89
246
502
993
844
99
403
318
708
771
58
89
391
74
646
145
727
533
919
710
226
842
637
298
582
232
341
951
852
458
368
657
640
777
271
967
824
751
806
530
503
214
147
82
790
897
843
410
351
625
142
19
443
601
248
233
894
10
56
505
930
807
648
976
867
447
347
847
12
547
963
128
414
164
536
954
112
295
674
818
335
183
399
225
507
621
238
287
61
809
856
60
459
891
900
244
857
221
341
691
263
749
549
850
773
70
544
629
665
644
581
290
720
517
971
636
780
104
89
8
628
448
642
413
82
80
815
384
248
598
851
484
955
398
732
694
449
434
455
63
173
137
400
398
25
392
577
463
801
587
193
419
121
263
548
42
653
285
432
820
679
938
373
328
718
120
923
915
537
216
312
629
162
114
449
572
364
348
48
118
36
166
286
571
458
987
737
483
999
250
753
493
948
760
610
191
456
219
592
506
496
768
780
733
875
113
328
121
63
1000
440
943
288
979
403
985
210
250
937
708
196
224
28
707
87
163
947
479
321
350
283
195
32
936
924
280
599
92
884
109
497
672
377
729
145
320
74
82
947
621
474
639
864
887
247
581
166
307
365
873
790
283
981
562
496
201
103
922
508
483
979
938
929
195
229
399
40
388
380
711
114
505
1000
160
69
288
489
11
843
264
800
201
560
34
952
549
142
588
677
210
426
346
558
218
679
370
743
453
820
151
15
746
497
789
618
769
573
873
781
448
1000
128
128
352
552
610
702
726
520
752
429
63
321
487
800
198
483
618
137
339
810
55
405
624
791
930
490
128
673
918
874
853
927
262
657
173
970
66
477
523
736
245
692
22
327
63
42
72
502
607
675
842
952
395
900
192
35
29
584
616
622
783
767
688
76
435
473
10
685
879
420
71
933
599
530
926
858
897
414
613
617
464
797
561
279
96
507
517
221
936
777
377
881
152
219
693
109
827
616
464
15
764
814
616
328
306
513
79
530
428
165
91
51
605
602
304
912
283
696
81
954
683
858
75
639
75
996
51
58
594
351
226
323
55
148
320
885
479
347
226
115
102
432
175
695
566
184
510
772
30
904
357
419
278
616
565
546
308
235
21
719
247
232
985
367
943
891
310
118
245
32
984
930
916
980
960
810
977
933
554
32
595
79
631
394
991
400
495
588
550
18
567
590
436
871
887
97
522
101
629
894
897
428
94
876
984
33
879
555
43
21
787
624
671
886
652
327
459
611
377
624
252
25
772
713
650
988
528
787
931
516
395
693
694
765
911
235
791
555
403
732
792
746
284
737
7
719
512
418
412
209
723
485
711
498
757
744
233
162
785
153
875
48
133
593
990
167
442
804
919
461
650
272
335
447
979
856
528
757
388
695
970
887
133
338
142
65
236
754
716
435
583
535
31
967
766
462
538
627
961
837
390
878
151
915
352
135
162
891
61
741
574
569
127
187
928
694
517
825
955
203
108
133
786
107
372
463
764
969
199
135
291
46
861
113
630
674
524
172
200
140
395
760
188
487
445
168
790
263
834
245
699
445
992
180
997
570
190
31
717
989
224
392
435
98
160
639
917
323
731
374
816
883
937
523
996
30
324
304
602
17
857
561
534
34
215
691
594
27
201
330
542
409
860
115
368
727
101
539
888
785
86
449
663
686
284
424
413
190
465
165
357
697
884
731
970
898
804
779
831
707
141
61
989
554
205
987
191
210
824
306
170
366
137
748
73
371
70
699
471
276
380
308
135
634
197
53
443
681
863
83
245
245
148
44
242
534
973
938
484
608
330
205
45
807
237
618
258
966
11
784
220
956
885
223
735
889
437
282
452
792
735
859
512
737
120
846
21
358
448
492
874
550
510
551
928
858
559
388
614
911
82
112
377
555
441
729
9
551
637
668
330
883
414
433
504
971
56
118
406
809
699
692
955
181
894
958
415
981
517
325
710
891
687
710
284
636
497
379
94
381
618
657
300
72
350
959
237
700
181
45
292
791
480
722
696
779
998
861
460
31
956
268
928
439
306
19
322
801
440
720
53
749
530
624
312
167
375
727
829
363
594
604
129
823
394
753
914
622
911
490
449
931
938
835
482
147
1
199
506
39
778
810
465
25
354
166
920
939
59
560
778
569
482
191
735
584
411
55
280
157
972
840
52
499
916
771
584
411
984
551
282
645
632
475
475
880
900
22
344
80
291
338
272
559
774
445
587
846
886
41
792
844
787
996
586
381
849
206
719
449
769
712
299
764
12
967
736
214
651
703
262
90
388
203
962
967
985
807
139
124
308
376
547
612
334
377
598
75
599
580
127
170
246
551
620
253
274
88
452
892
545
557
229
352
247
312
214
68
831
302
918
22
466
424
275
998
629
353
150
522
123
544
63
113
76
158
273
224
919
446
483
832
400
817
38
174
207
449
62
144
729
440
947
358
514
9
50
220
786
23
249
577
934
495
979
871
242
419
135
555
344
764
150
940
764
34
937
992
929
459
277
48
17
355
91
151
117
352
893
581
861
148
612
550
404
432
330
29
893
437
439
748
998
952
769
56
414
374
987
423
166
993
171
642
49
658
612
853
231
651
896
174
785
187
679
321
288
407
180
906
880
296
978
970
784
891
678
216
967
999
636
573
582
146
301
928
257
445
193
149
802
237
688
544
347
870
837
315
744
217
550
206
248
196
961
995
19
836
787
163
42
420
634
543
583
524
172
245
607
207
687
375
784
488
56
773
133
634
448
892
531
153
459
909
967
659
311
895
724
302
958
551
707
346
965
795
3
881
22
40
569
599
384
85
989
589
233
964
671
422
882
968
988
345
500
648
712
747
369
468
259
455
957
380
219
182
333
695
970
223
381
508
574
40
495
985
956
574
981
8
841
212
627
26
48
807
513
868
943
527
680
891
83
785
859
534
260
309
647
921
500
923
620
288
320
237
225
836
64
864
328
366
863
667
802
519
280
818
315
27
309
606
634
13
641
490
114
295
488
823
241
428
806
672
147
906
98
457
651
642
368
231
657
54
596
597
305
458
5
211
895
318
555
409
450
213
180
435
590
127
103
882
548
871
363
918
716
46
172
817
705
543
257
550
473
504
183
631
569
822
613
106
341
119
310
230
650
296
759
976
592
886
228
418
392
666
329
58
803
397
730
812
226
395
986
71
894
965
383
