25 25
9 1
2 1 1
1 1 1 1
1 6 6 1
1 9 1 1 1
4 1 6 2
2 4 1 1 1 1 1 1
1 5 1 1 1
1 1 1 1 1 1 1
2 1 1 1 4 3
1 1 1 1 1 4 2 3
2 1 1 1 1 1 3
1 1 2 1 4 3
1 1 1 1 1 1 1 3
2 1 1 2 1 1 1 1 3
1 1 1 1 1 1 3
1 1 1 1 2 2 2
1 1 1 1 4 1 1 3
1 1 1 1 1 2 2
1 1 1 1 1 1 2
1 1 1 1 2 2 1
1 2 1 3 1 3 1
1 6 1 2
1 1 3
17
1
2 7 1
1 1 1 1
1 1
3 4 1 4 1
4 1 1 1 1
8 1 1 4 3
1 2 1 1 1 1
1 1 1 1 1 1 1 1
2 1 2 1 1 2 3 1
2 1 1 1 1 1 1
2 4 1 1 2 3 1 1
2 1 1 1 1 2 1
1 4 1 1 1 2 1
1 1 1 1 1 2 1
1 1 1 1 1 1 2 1 1 1
2 1 1 2 1 3 5 1
4 1 2 2 2
1 1 1 2 1 2 1 1
1 1 1 1 3 1 1 1
1 1 1 2 5
1 1 1 1 4
2 1 10 3 1
1 13
18
