25 25
1 13
1 1
2 3 1 2 8
1 3 2
3 1 10
1 1 4 2 1 1
1 1 1 1 2
1 1 1 2
1 1 2 2
1 1 2 1 8
1 1 1 1 1 1
2 5 1 1 1 1
1 2 2 1 1 1 1
1 1 1 1 2 1 1 1 1 2
1 1 1 4 1 1 3
1 2 6 2 1 3 2
1 2 1 1 3
1 1 1 1 2 1 1
1 1 1 1 2 1
1 1 1 3 1 2 1
1 1 1 3 1 4 1 1
1 1 1 2 1 1 5 1 1
1 1 1 1 2 2 1
1 2 6 1 1 1
1 2 1 1 2
1 4 1
1 1 1
1 7 1 2 2
2 1 1 1 4 1
1 1 4 1
2 6 3
12 6
1 4 1 3 3
1 1 1 1 2 3
1 1 1 2 2 3
1 3 1 3 4 2 2
1 1 1 2 1 4 2
1 1 1 1 1 1 1 4
1 1 1 1 4 1
1 7 1 5 2
1 1 2 1 1 1 1 1
1 2 1 1 1 1
1 1 1 1 1 1 1 1
1 1 3 1 2 1 1
1 1 1 1 1 1
1 1 4 1 1 1
1 1 1 3 4 1
1 1 1 3 2 1
1 1 1 1 2 1 2
1 1 1 1 1 1
