15
4 39 19 80 77 25 81 73 59 67 93 21 40 52 72
31 2 14 66 73 55 60 67 32 40 26 3 6 80
29 31 55 11 29 64 66 30 14 63 10 80 62
42 30 8 30 26 21 38 91 79 97 46 33
33 89 70 94 55 44 68 79 56 37 74
10 27 93 11 7 52 95 6 43 76
97 85 90 52 91 99 51 62 25
48 29 18 85 2 92 35 8
6 2 91 62 88 69 12
79 67 88 67 30 17
95 62 63 28 73
69 35 75 90
17 58 91
19 40
43
22 75 7 42 88 48 15 39 71 33 94 7 96 16
95 51 80 32 84 96 49 78 83 57 52 66 22
70 97 29 49 40 21 38 88 96 71 41 2
25 38 99 95 78 2 3 11 74 43 4
1 85 28 76 51 88 34 85 56 28
42 42 1 9 41 44 15 87 9
85 33 19 87 95 65 32 12
63 50 35 93 5 37 40
18 62 69 41 1 94
6 15 72 17 52
97 37 26 43
92 15 42
21 84
2
10 5 89 62 42 40 32 14 45 76 65 32 85
89 33 58 69 73 19 60 51 12 52 3 51
89 71 10 67 41 92 7 36 31 9 98
8 8 47 76 37 9 98 52 1 45
92 68 5 33 98 12 38 34 53
95 38 47 27 53 30 34 13
87 91 54 83 42 19 44
93 73 4 67 66 4
15 57 96 89 58
66 71 42 5
10 83 19
9 8
67
3 57 39 11 82 88 27 20 8 30 91 16
89 26 65 48 54 90 58 42 40 82 25
74 44 72 47 51 51 88 99 5 54
99 15 29 2 75 6 27 69 84
88 4 77 97 16 60 94 9
3 21 40 86 40 41 12
94 71 65 32 85 17
21 55 56 50 63
47 34 6 5
8 3 37
88 44
27
79 9 61 79 41 94 81 46 18 45 63
15 35 40 25 74 15 49 94 77 58
57 10 44 61 64 17 45 66 35
60 52 98 59 15 73 39 31
14 30 87 94 98 94 82
93 84 83 27 37 48
9 31 41 99 46
84 49 97 59
56 60 9
99 81
76
85 7 40 82 11 77 99 71 24 69
34 83 88 53 34 96 8 35 13
38 61 39 57 4 95 30 58
56 32 15 65 47 2 73
4 21 4 9 86 46
17 58 11 35 70
97 11 84 62
48 74 39
93 38
80
82 13 83 84 72 50 74 24 49
38 31 8 45 9 29 35 88
54 11 8 86 73 53 69
66 76 77 79 13 81
80 66 89 97 51
3 20 93 27
91 19 30
45 64
58
83 16 78 95 61 64 50 13
88 72 20 80 32 46 34
58 94 42 28 2 84
54 61 13 31 33
69 63 71 89
74 93 81
56 92
25
22 72 31 27 77 8 75
66 22 50 20 13 45
63 2 3 95 74
24 31 95 22
46 56 92
83 50
66
62 60 10 91 77 11
8 88 57 50 54
13 44 2 80
82 36 52
14 24
5
95 11 46 71 97
64 1 94 96
79 19 54
25 10
50
36 25 41 20
95 29 36
99 76
90
24 76 90
93 18
32
66 79
65
41
