50
38.3472947034113 53.1902837134574
33.40842469282422 71.15902183672473
58.63761813620371 35.52594186452066
58.3406348844491 35.694750554553146
5.979641607078825 47.458000142853464
36.501745662209636 54.56048773722496
33.97379593735891 71.0745949810563
58.9995723175134 35.490782649464656
6.469329656674839 47.12994158245713
-3.3351273714642895 38.88870541471299
58.34685190741743 35.666175554371634
37.17898391328549 54.283620663344124
-5.029764755783658 38.00768281646559
6.209893585503523 47.08855229702013
37.477399245758924 53.700204011533856
-3.5814866926973914 38.70068377339736
34.31705705813323 70.99179667710706
5.979641607078825 46.82348874435753
6.529779051370001 46.82748227001692
-3.364436729510987 38.22895210649671
59.17076595548603 35.20217919282745
5.898877856191774 46.97956484412467
-3.211195321451396 39.26155192088628
-4.196805052670293 38.88870541471299
37.477399245758924 54.11713500739654
59.29572444095818 35.90128413780858
-3.72660274605587 38.88870541471299
-3.658423409870685 39.31017048275856
33.672561726517884 70.1641545480594
57.36678235649809 34.57059312703268
37.78049958045023 53.683221099249295
37.87047563582269 54.05532078951419
38.20033201908749 54.159234378468135
58.543311905460754 35.24410588551792
34.99957474178244 71.08700620563577
-4.050850687634384 37.91818671270095
37.94499869091688 54.73584433023549
58.3406348844491 35.00399301997866
59.11244483631138 34.432478094260084
38.280380315798965 53.94342141412305
34.95206053412558 71.90122120139549
6.117027290622202 46.69955867938713
-4.972111530200302 38.16423569361999
6.532828016710991 46.97956484412467
6.383892065577452 47.57185913684036
33.67233566986712 71.0745949810563
34.31705705813323 71.46833009857097
34.56506548478329 72.02604903119914
5.979641607078825 47.26753888985416
34.31705705813323 70.97548728236357
