500
-1.0630808659902011 -0.3197925762981386
-1.640770300447617 -1.081830403942566
-1.1003174444695416 -0.025866335664456563
-0.9799337849180394 -1.2028539764749013
-1.6314820635681908 -0.5848417207080601
-1.3476446287990196 -0.8445824729615602
-2.1089121887109927 -0.49104371573863814
-0.718248954019159 -0.6973543314144002
-1.0023173590059518 -1.0199436838875071
-1.5254944848892338 -0.2794495913669017
-0.10916854195447201 -0.043555071973671866
-1.0527042240689874 0.1962373448939707
-1.3665771543469525 -0.38095599156461746
-1.7931444171865831 -0.6460461114688558
-0.9821779000017353 -0.3724662644368523
-1.5525059779545909 -0.7960572480254265
-0.8541044629357507 -0.4365255846299353
-1.0527042240689874 -0.888908218032866
-0.8908922733021014 -0.356200351134885
-1.4342405049922138 0.4249502030692941
-1.1463370186166617 -1.0481989679419965
-0.9403161093725231 -0.9478400190313665
-0.4724146510235333 0.42615002691435483
-0.9736963725262102 -0.9150271265079799
-0.2440503290083056 0.4146786049081611
-1.4658239350576632 -0.4079495609430408
-0.776509411066055 0.024939626985442165
-1.846094468771576 -0.7907102135070528
-0.49283611450812914 -0.45318243810479264
-1.8201008854144218 -0.3645629700363496
-1.7336523731073505 -0.5542837599076651
-0.19036593698878745 -0.6233843926656373
-0.6031869088984968 -0.39086144006780205
-1.0262308230100738 -0.3233980819214156
-0.038709649073748076 -0.07468902388927762
-0.9821779000017353 0.4560142128743628
-1.1092666945279477 0.33301363136743
-1.6141296308007502 0.08209030839102832
0.06634015847518682 -0.029645041504436254
-1.036271023486604 0.10570010025726906
-1.7316232287250701 -0.04875084508545824
-0.8541044629357507 -0.07489285511380628
-1.8262972804399529 -0.383090265625537
-0.7196884592652113 -0.327442699791636
-1.695384442253516 -0.36615255901141924
-2.07888450904312 -0.1263948959902798
-0.7794462578910455 -1.352367074563167
-0.7810622325100769 -1.1614361397612298
-1.1877063150300202 -0.17510886043169555
-1.1010507302398018 -0.391708792594668
-0.292466874572368 -0.7654262333929172
-0.6924757682515911 -0.4283203500437085
-0.840062444900508 0.2724239910280992
-0.8230670244455554 0.4628075923971612
-1.348827483444769 -0.49529606174039564
-0.3626428442342423 -0.26230107784940104
-1.1196575962064643 -0.36615255901141924
-0.6384692919380579 0.08204476969625946
-1.3142431188471457 -0.40567475701289624
-0.512962293535347 -0.3904579604213134
-0.9982593930637542 0.3003854563109388
-0.6914565960983228 -1.0363087693006503
-0.8921374611730158 -0.28525833222528285
-1.4599731887500762 -0.6364003014046606
-0.7102378089609608 -0.4238365853159291
-1.69570837065972 -0.49852521278729683
-0.06108032135365504 -1.3443126715530869
-0.9179569161972625 -0.09572174215558221
-0.9799337849180394 -0.5156357424883444
-1.1463370186166617 0.0754073049537442
-1.23724836110334 0.3229705705339724
-1.297029781538782 -1.399308783128768
-0.9823780811723195 0.39960878921870147
-0.8300142722566035 -0.6252328572271673
-1.38615380136932 -0.5839183348682166
-1.9137505450531431 -0.996583011255372
-0.8119606918452088 -0.9455710660239707
-0.9687284158715229 0.15303724936765462
-1.8839555071132434 -0.34172128458260614
-0.12356826832229284 -0.43573236464324117
-1.1002328343018912 -0.8612916879695431
-0.4719835889577594 -0.45318243810479264
-0.1413415487780656 -0.3896921250388821
-1.6853829923945396 -0.08517467408302243
-1.7610222214460975 0.33204568914845745
-1.1466177031611418 -0.5242050790283999
-1.2215067910119242 -1.4000685795178103
-1.0920133618725434 0.18274071236468142
-0.10317284103128044 -1.3764588909298194
-0.5639350907315797 -0.6809786561792027
-0.3140681987379329 -0.3724662644368523
-1.076425704874997 -0.7706454601791428
-1.4337509171448082 -0.4082456573650971
-1.9385391976997284 -0.3908763680807246
-1.6599870401946588 -0.4054154228662371
-0.9285273861031343 -0.19124537640849976
-0.8679443769038533 -0.4178477857457937
-0.6724483227342277 -0.3645629700363496
-0.463965163783832 -1.2587963562349276
-0.26468700996265493 -0.39086144006780205
-0.8730976440031392 -0.418376881378809
-0.1901541389037601 0.1287102512420975
-0.9543540551376971 -0.39086144006780205
-0.9643083642619231 -0.3797076778684538
-0.7290688900181096 0.4290620013822799
-1.2188654012971076 -0.027475483541806234
-0.9196204333654778 -0.40167605922872185
-0.6975267614932085 -0.38095599156461746
-1.443145806984249 0.1376942631822633
-0.2614375851799926 -0.35524603293954415
-0.9300884032312957 -0.32565590235479225
-0.7809500121343903 0.03529057329759655
-1.1198330160800285 -1.1989849458687527
-0.5143272642092727 -0.7723454259945042
-1.763977266814706 -0.6424412753927924
-1.5804040210127852 -0.4054154228662371
-0.7315957908599231 -0.002390944011052054
-1.7622939034620027 -0.5861064951701629
-1.3357384031680906 -0.40167605922872185
-1.8210412844688493 -0.653607191522406
-0.1898553910308579 -0.37060555645050397
-0.09830494668857703 -0.719002678560577
-0.631037994318888 0.008714400652758914
0.045331280219195524 0.2476933073863794
-0.9652672607428414 -1.135803854535641
-1.1568715135693857 0.4975096688475401
-0.9652672607428414 -0.3512317679061695
-1.6964176711939547 -0.40167605922872185
-0.9030373678301126 -1.4211738460393817
-0.9684319859527719 -0.6384474432714261
-0.33036483201446143 -0.7564622164104393
-1.8518909417316227 -0.5139966667273626
-0.9399203182497412 -0.3996299463583473
-0.18332515795957394 -0.34757086862441855
-0.9147182021699233 0.08510545582737106
-1.100160203541943 -1.4978251941362217
-1.5411947585611043 0.19966107502029
-0.9055893219707589 -0.8777841987385306
-1.8459635441940463 0.06119977345055344
-1.5049653853175036 0.003280912197027863
-0.7315957908599231 -0.11932004054950623
-1.30532997456831 -1.092188948458475
0.03912867491721439 -1.326431985854808
-1.8893994892642896 -0.8584285385304407
-0.8358179510000071 -0.0338079988428619
-1.1783523095552368 -0.9751699995234844
-0.5995180772267934 0.5472132783100658
-0.5109923266856836 -0.5116197257044326
-0.8474037490096447 -0.23124799607795293
-1.98558483132782 -0.37683592418612943
-0.9652672607428414 0.4762488199194267
-1.1423646612696932 -1.228405096606453
-0.9403161093725231 0.518690867822591
-1.7193841000817132 -0.2660145900993897
-1.001165183439081 -1.2622721784152016
-1.2337216894884526 -0.40567475701289624
-0.9973932967341059 0.5207301941832374
0.0699102791624665 0.3526106181024896
-0.30452741610812195 -1.1896446410835697
-1.219921721000303 -1.0953115168860301
-0.6893747793315473 -1.2907122358705145
-0.9782521481917638 0.559799025071734
-0.6165298245577753 -0.5354051565304515
-1.5252117237240217 0.4742915348511214
-0.3125721829760624 -0.35670378512550505
-0.8541044629357507 -0.08592286433188023
-1.6796808237904166 -0.06483785531473202
-1.9251713809166795 -1.0692449534029616
-0.17095446286781268 -1.281056299169077
-0.768664050300668 0.22898186311688778
-0.7263317497936187 -0.6003606155614415
-1.6683560714558876 -1.222797192000796
-0.8350790112987878 -0.9270145829467693
-1.0353724393325472 0.5816126483895173
-0.8519737213072844 0.05918073040489358
-0.6751337022590507 -0.9467481453437747
-1.645394073140688 -0.18363334485687544
-0.7270838297049301 -0.9878870649430902
-0.768664050300668 -0.03797726110421645
-1.9122883800396608 -0.8304771320199472
-1.7222074418725595 -0.3263926433695697
-0.805991876997524 -0.39086144006780205
-0.9823780811723195 -0.7944583856023164
-0.5062450662222395 -0.3243727344944043
-1.0891257694545047 0.19559458233148164
-0.0714273730505256 -0.12072393565536077
-0.5019583219020537 -1.2893697382944642
-1.4952042090322613 -1.3288096727975809
-1.7104500045618831 -1.3202642648477143
-1.1092666945279477 0.5087586578282378
-1.0861873127318455 0.3955958225141872
-1.0141067279938698 -1.3447802845245644
-0.27043386652100954 -0.3844882590356568
-0.8519737213072844 -0.32490645761206405
-1.276087857420487 -0.23234607537377433
-1.8810375412067208 -0.3797076778684538
-0.9910431203813576 -0.08071460020532711
-0.0070565321777515955 -1.299015972982641
-1.8244406611650872 0.2807125301621871
-1.5704716373674645 -1.0969662213974838
-0.91155708166276 0.3149209828000723
-1.2791646683734181 0.5248614827959637
-1.5243722460879652 -1.2559121268302313
-0.912567929026151 -0.4521858035281177
-0.9285273861031343 -0.4238365853159291
-1.1112893986916834 0.3817127350049079
-0.9030373678301126 -0.05853553232093911
-0.8800441090853859 -0.35524603293954415
-1.5259539894536616 -0.3420354178735445
-0.7624114160166706 -1.3201432035965834
-0.7800040794707509 -0.49852521278729683
-0.5130913555515111 -0.3869004141645395
-1.068098530734308 -0.9618605199468528
-0.6490568718839489 -0.8856799595789215
-1.4779980683231368 -0.25972050038324673
-0.4533142399389708 -1.2472140647908825
-0.06743916942635808 -0.356200351134885
-1.6700060746787546 -0.4127250056988633
-1.493441230824819 0.037046456262660954
-0.9728202884732172 -1.1460426642260646
-0.1708263738795518 -0.38882969261875516
-1.2228557683579133 -0.0521031817106592
-0.04950416585964579 -0.3721579668336154
-0.06601679162509577 -1.3452202012679213
-0.9652672607428414 -0.5207923747947999
-0.894230076702327 -1.2383307413771114
-1.068295024621819 -0.3645629700363496
-0.9347975856363335 0.29627166042105996
-0.8488876818874858 -0.4054154228662371
-1.4820733504231467 -1.342486788274524
-0.8801447391439574 -0.4054154228662371
-0.7809500121343903 0.4977597718645028
-0.06037137949031135 -0.46285350483798476
-1.1847203604326124 0.45374038399348887
-0.7800040794707509 -0.47178662152315237
-1.5138425358909937 -0.09649552505597747
-2.05864906921079 -0.3844882590356568
-1.7576086876101331 -0.8770035273594508
-1.1198330160800285 -0.37683592418612943
-0.9643083642619231 -0.8739379036086619
-1.3259096438013664 -1.2188545153760764
-0.6545620618113793 -0.418376881378809
-1.7454897318787597 -0.8970178450072546
-1.668894644547411 0.039660106356374014
-1.74611939673988 0.5953036143722115
-0.8538508963587327 -1.2778804777932737
-1.7165686144722545 -0.42682662808635125
-0.9842278469538841 -0.8236652821882335
-0.9030373678301126 -0.43573236464324117
-0.3890622818341236 -0.7960051035319942
-0.33627110750252853 -0.4283203500437085
-0.9846095409873307 0.45542758786943005
-0.7057907310016371 -0.46664582175730085
-0.3604708042920999 0.14430152840761423
-0.08750360887609332 -1.0922281064403325
-0.8625287922338711 -0.3869004141645395
-0.9728202884732172 -0.2788471178392731
-0.9300884032312957 0.5713572268646419
-0.4032145950384267 -0.10677001993715413
-1.4263213777000332 -0.04327569579064572
-0.33317859544948947 -1.1335778073684746
-0.9347975856363335 -0.9598370417089748
-1.5789418875537469 -0.383090265625537
-0.7467050341416293 -1.1602430530138312
0.19554112965600856 -0.46285350483798476
-1.6791408819170264 -0.8316331244870092
-0.6504831130060167 -1.220287826544014
-0.7832277925775964 -0.43573236464324117
-1.7020914369332032 -0.3869004141645395
-0.24734195294051176 0.39304794090408984
-0.8591029275846865 -0.20701122501098967
-0.8171163111116457 -0.3512317679061695
-0.7123147209949541 -0.8992707976208456
-0.4167164764819953 -0.9339583081521393
-1.135409075173059 -0.3092595432829253
-0.9821779000017353 -0.3724662644368523
-1.3296927441585171 -0.498745041891941
-0.07245994817065027 -0.6846124367174627
-1.5541462091361269 -0.25592264482601035
-0.8801447391439574 -1.3003254477686652
-1.4553850736548326 -0.38095599156461746
-1.1010507302398018 -0.9738814517228973
-1.1187067915475595 -0.32447030449078873
-0.6487785414650986 -0.35493648229044006
-1.7160835654285762 -0.8403945106667952
-0.3429937691230781 -0.6999115212789919
-0.9823780811723195 0.288281114814527
-1.4822959322593476 -0.38633922347881405
-0.4344031938096464 0.12438848782608442
-1.042174609460755 -0.3898295004936034
-1.5455591067692254 0.10620312539184051
-0.6877351591997131 -0.3724662644368523
-1.5397018064821273 -0.7963032239309497
-0.5208075453859291 -0.3958046361698726
-1.1284184646207092 -0.3958046361698726
-0.9967197055735454 -1.1744686663280568
-0.9799337849180394 -0.5220492889155386
-0.054004120034450875 -1.3254103334697764
-0.47181705703706334 -0.5856849211214676
-0.4033858005415145 -0.40167605922872185
-1.7345058504145499 -0.3647051376941105
-0.763871845304246 -0.5431605190765456
-1.257552911240676 -1.432403530072284
-0.46535703729521705 -0.3724662644368523
-0.20968792564989402 -0.8540656110205449
-1.0857163502586573 -0.38095599156461746
-2.087720170181794 -0.09023047011129826
-1.0942584210089428 -0.023084495650916415
-0.11402869919198655 -0.349380126850854
-0.5845926337151188 -0.5583460083965931
-0.32146607425938334 -0.23418774397168207
0.07255453816220403 -0.4606326378339563
-0.768664050300668 0.46202828213498676
-0.18836195749351758 0.003953116730000428
-0.9347975856363335 -0.9240000979562326
-0.7315957908599231 -0.46808213159690676
-0.8373495000761633 0.43492991693340827
-1.1010507302398018 -0.6662080314686492
-0.9973932967341059 -1.1013540397212915
-0.6958924265516777 0.44184614448086923
-0.7106642917401875 -0.5075027803190801
-1.5117506950125628 0.1664796735846657
-0.9543540551376971 -1.004463263751181
0.057529653904561995 -0.13269437284830982
-0.9643083642619231 -0.6963869304161461
-0.8231715715951713 0.4679384026201612
-1.1198330160800285 0.4012688524406658
-1.4124559326035369 0.6123843671966013
-0.7315957908599231 -1.2743746498036042
-0.9643083642619231 -1.1996524634884584
-1.5207314219938608 -0.949347107975105
-0.6767595746626863 0.2391263271207889
-1.5053636179892398 0.22940640876323593
-1.3842254030422967 -0.5340054985592084
-0.9677127842992173 -0.35256794565481137
-1.3165393756144868 -1.302334413470574
-1.7072973879145081 0.26899128822623347
-0.0339174541081948 -1.0156055468351401
-1.0262308230100738 -1.2815190253935396
-0.9690923244464826 -0.3908763680807246
-0.326322066038394 -0.6466718237423144
-0.1529870891658317 -0.40567475701289624
-0.601715284137823 0.18869861376803843
-1.2636231225900443 -0.0850620880613212
-0.963018450051027 0.05916546025930386
-0.9125181846311771 0.4946495299316973
-0.3988243313519153 -1.0261048297089799
-1.9623556452872717 0.19432057442863726
-1.1306989779247822 -0.40369184620443366
-0.8149242782537846 -0.38744126615391516
-1.4928993306564875 -1.0463407688796864
-0.6958924265516777 -0.472045440839981
-0.9403161093725231 -0.43983990112503624
-0.8364981948972032 0.20733208283255572
-1.6349209673433078 0.49418582166004393
-0.8350790112987878 -0.20325628493146408
-0.3781596892840564 0.3531653762971033
-1.9624860195716276 -1.0992463366298786
-1.2157055973643214 -0.9846463686530667
-0.19413234615460506 -1.1327118999216448
-1.1272401464542892 0.2569318215984282
-0.5068968817829016 -1.380834759542872
-1.0262308230100738 -1.2311601063933582
-0.8496056440467128 -0.8457129412947411
-1.3729569382189433 -0.35670378512550505
-1.3366435666256145 -1.0991456271869855
-1.076425704874997 -0.7950888532284541
-1.7230663060222466 0.4963401902955676
-0.768664050300668 -1.0299975863523043
-1.1112893986916834 0.22608049389839113
-0.763871845304246 -0.344314658516145
-0.7057907310016371 0.09247452438154546
-0.4696929426488321 -0.356200351134885
-1.2671203872507935 -0.4365255846299353
-0.22336950891397245 -0.3645629700363496
-1.2630441839293116 -0.23943522992094896
-1.0761629916934161 -1.218544353443902
-0.18705709294894501 -0.017545235977243556
-0.957582748560242 -0.24082304600172688
-1.5360176405845563 -1.392299436204275
0.007943018660634515 -0.5878229267065198
-1.0405902989223705 -0.349380126850854
-0.39635369224654016 -0.43573236464324117
-0.49133452375087205 0.1620010331407566
-0.7315957908599231 -0.9431110318258176
-1.325714841661686 -1.1317296894640159
-0.8018048498634687 -0.10941683656421042
-0.9669519112538649 -1.0595475204057414
-2.072695448373201 0.538707120061723
-0.3924789673334129 -0.49852521278729683
-1.667358773449798 -0.4603504133939877
-1.8414964575278818 -1.1100719553657463
0.0061996060761356775 -0.29472757454003395
-0.8162571294120999 -0.04170051076459058
-1.0397059057265885 -0.1638274500545232
-0.6331811540267978 0.5932649919517077
-1.115209016273317 -0.3797076778684538
-0.8004477093186848 -0.46285350483798476
-1.5462711787177723 -0.5354051565304515
-1.0578962254605118 -0.4127250056988633
-1.1463214306454574 -0.38744126615391516
-0.9555545026828166 -0.40369184620443366
-1.7798698024998925 -0.4079495609430408
-1.6037621905669854 0.03342647874004223
-0.9973932967341059 -0.3246625431113044
-0.5838696897310804 -0.472045440839981
0.004395172671840197 -0.2347177121510896
-0.061311087073960824 -0.4054154228662371
-1.4505843401332836 -0.40235183022937715
-0.9969974716454434 -0.45318243810479264
-1.8115413021954094 -0.3647051376941105
-1.7541665728613438 -1.3061125607336819
-1.2011300691426796 -1.0293561878839248
-0.82333488244927 -0.9950969366422894
-0.09791811835166153 -0.08790929707635436
-0.22194688798444973 -0.6453293394857491
-0.8770645278005326 -0.37060555645050397
-0.8730976440031392 -0.16487689201542877
-1.1051085056434307 -0.4283203500437085
-0.2668474148899842 -0.2638495146356787
-1.5430547414952995 -0.30769108358887237
-0.702627501694371 -0.9958249833877906
-1.7199252312487436 0.06990379245728645
-0.1208106568299605 -1.1476519771306846
-0.4595676836037357 -0.14032744637436734
-0.5616320648878483 -1.216496148001609
-0.48331688082239666 -0.8593186213211081
-1.5134983992954054 0.3820932363955013
-1.0222396723124603 -0.38095599156461746
-0.9493191636568734 -0.40167605922872185
-1.079310967246917 -0.46808213159690676
-0.5030639832651358 0.20965488194100207
-1.0296838140334903 0.2961989000299602
0.13379728223384624 -0.4698987805848812
-0.8699887273884093 -0.32447030449078873
-0.9399203182497412 0.019573082482257698
-1.0569677653887386 -0.35836108721524157
-0.7549223277748363 -1.3195554385877926
-0.27948078563800793 -0.4533683503287366
-0.9054394353364578 -1.2913511269958489
-0.3850266467120509 -0.5075027803190801
-0.37756565817555277 -0.7376845643790331
-0.8531834683262458 0.23101627835144872
-0.7782164578007141 -0.759924918783403
-0.9147182021699233 -0.49941927547045994
-0.033885860768768206 0.07488612172095666
-0.870379062623614 -0.24189182758063732
-0.9549376661895098 -0.2257520877244012
-1.0839931152524596 -0.7528217466392706
-0.9300884032312957 -0.007079735688572786
-1.7193752349500842 -0.7189059929144357
-1.8909643643152423 -0.5348444055190674
-0.11363036018539385 -1.2633991340034256
-0.8360265908722565 -0.45318243810479264
-0.6494924911512341 -1.0493426556147674
-1.8138398496851984 0.33917596855955195
-1.1112893986916834 -0.9113488697143335
-0.010111456151544518 -1.0260589074690294
-0.9147182021699233 -0.2621251304027924
-1.4889189385069583 -0.6161057870459432
-1.6778486397823698 -0.327442699791636
-0.258484966129399 -1.2676286500211786
-0.7510584237528581 -0.8111630663972043
-1.3300913367881784 0.1389025413423785
-0.48731589012495136 -0.3724662644368523
-0.9403161093725231 -0.09559602280407264
-0.9031943155220488 0.05578140481432192
-0.9238562298184001 -0.32447030449078873
-0.9486766258501189 -0.069681935130262
-1.870968784902996 -0.908102563305058
-1.1112893986916834 -0.33977302962274214
-1.7166801077626306 -0.6771635416202488
-0.30816140942538817 -0.327442699791636
-0.13448869578416756 -0.5354051565304515
-0.8510695742618138 -1.171239896007693
-1.4179660058920578 -1.0370065864466824
0.010695093524077715 -0.5075027803190801
-1.0238343598253352 -0.24537968068561516
-0.9629959045128026 -0.6249044546674793
-0.20769324296680303 -0.3045655774706609
-1.215487345262679 0.21994321713672094
-0.32683470715075325 -1.2639350381308236
-1.230903828515654 -0.695348075226496
-1.6662936249044393 0.47533103252454323
-1.0442722032878793 -0.35943711390843847
-0.8162571294120999 -0.8181161147273902
-0.9728202884732172 -0.3243436003585414
-0.9147182021699233 -0.38744126615391516
-1.5478858722652467 -0.3344181466764745
-1.1787991675802085 -0.7010412861948532
-0.8226213683605388 0.4393815468945687
-1.1593798135738924 0.6083054645610768
-1.094375164132177 0.042897991450891126
-0.16616291867412725 -0.21199731013054968
0.10987386767338614 0.15174703206986806
-2.018180414371235 -0.5375182390734051
-0.8713449886883754 -1.2296160018029987
0.06593207609026264 -0.1469108096420036
-0.6855845467497774 -1.121941630075479
-0.8219421989681567 0.014154691752895188
