500
-385.4025493680079 502.8661021324872
-841.3339665094238 458.54180276578677
-468.81060829369926 581.1502313949923
-762.4992025173656 248.8132138577455
-1000 91.601531632702
-468.61792825290127 580.9882909172359
-1000 90.71256666756379
-469.5650663886089 581.356694498118
-385.47800891789126 502.8661021324872
-384.50762213730474 502.4901307650642
-385.4025493680079 501.8717677439358
-841.0277202309329 458.9251272038615
-385.63232245418334 502.9071850648193
-762.4992025173656 248.61476506025528
-385.4025493680079 502.04186819058515
-469.2044677286632 581.0263136879014
-468.01347046487865 581.4118292167648
-1000 91.07118369076206
-1000 91.37017955597639
-1000 91.86650386076455
-841.3827926869949 458.5815162778251
-841.1505767808692 457.85622716633304
-839.5296297346862 458.02914567926945
-762.4992025173656 248.0157302517634
-840.4559293524202 458.9836256035156
-1000 91.601531632702
-762.8847058702786 248.26067549566642
-762.6138256568515 247.09405632068035
-384.4997585233779 503.5813212484388
-1000 91.92549157030726
-762.4826339777129 248.28662051741856
-384.46444075469714 502.6334989363362
-468.61792825290127 581.644708134133
-385.4025493680079 502.8661021324872
-763.4429141994211 247.87122974145086
-839.5330127373572 459.0169536707373
-761.5717329812776 247.5605164937094
-1000 91.2465204764543
-761.7265346367265 247.26847835549606
-1000 91.22325805001297
-761.5325007656666 248.95813700404707
-840.3769555910604 459.4344241584342
-762.4992025173656 248.61401190528778
-841.320931365972 458.1700714091929
-384.81253682303407 502.3049865409625
-386.3154383695571 502.8661021324872
-385.4913729962377 502.89891521421777
-763.1743639283033 248.0157302517634
-468.61792825290127 581.644708134133
-384.4728609925693 502.29747309000385
-841.0478980360216 458.79951852607905
-384.6320745652705 502.0864062567608
-385.4025493680079 502.5215789229089
-468.10413787419543 581.1772872211292
-468.28302376947306 581.644708134133
-761.895333850966 248.0157302517634
-385.9374504100329 503.0554427131304
-469.51793948371204 581.644708134133
-469.27763711422284 581.0078571646751
-840.1199348513435 459.2992603199866
-385.21740165056315 503.3547991223862
-761.7007020715959 247.1393173696392
-468.3780502479806 581.644708134133
-468.08821303927397 581.0256948196441
-762.8931734980994 247.28636778729825
-1000 91.36427777861536
-839.9905332308492 458.79951852607905
-839.9016676744872 458.79951852607905
-468.61792825290127 581.2041053945786
-840.6157159286809 457.9171213688998
-386.35245915622886 503.86553606219434
-1000 91.601531632702
-468.54712875844797 582.1189051289874
-763.4061392976022 248.41224409555662
-385.4025493680079 502.8598034849931
-385.4025493680079 503.7572450063291
-384.8106561335882 503.5581125124453
-468.67780878595016 582.2200585821394
-385.4959787751332 503.29736590986226
-840.7424877559533 459.6759535003323
-1000 90.93170866849927
-763.3937447533793 248.72798188397584
-386.2084110305846 503.5744218099878
-468.2815198430924 581.8044410286117
-1000 92.42619496202228
-468.60270920628926 581.644708134133
-840.4559293524202 458.79951852607905
-762.3594501466905 248.0157302517634
-1000 91.601531632702
-1000 92.3479748411189
-1000 90.81126279454637
-763.4419948551714 247.61809330076048
-840.491249916533 458.6069668209992
-840.0964949149684 458.79951852607905
-841.0815194082977 459.6239008155306
-385.70092851079653 502.70673587463926
-763.2825980231794 248.0157302517634
-467.9071092506606 581.644708134133
-1000 91.25025027595757
-762.3822996383017 247.92076933645455
-839.9708075265747 459.6326802661164
-762.045102767506 248.0157302517634
-1000 92.29405074735118
-468.88785014754205 581.644708134133
-761.6956361925311 248.5730665671471
-1000 91.57611492545901
-840.8205306722053 458.18096113955573
-762.4992025173656 248.0157302517634
-1000 91.79734579001803
-761.5276127643249 247.9298310626337
-467.9800374365072 582.4520690884476
-1000 91.33162587342477
-385.28644042032414 502.56405299441076
-1000 91.94064158193669
-840.4559293524202 459.3380823367738
-1000 91.9293829435879
-1000 90.80956508552333
-468.61792825290127 581.6839798666309
-839.5860375964778 457.966055385875
-1000 91.58427517598581
-384.82647648495725 503.46591009043567
-469.3826572465512 581.2609022317367
-762.1234201904471 247.2234107205996
-468.79963866008876 581.644708134133
-839.6867021927523 458.4856193027227
-1000 92.03294081433593
-385.4025493680079 502.8661021324872
-1000 90.76654595191086
-467.7101715749603 581.644708134133
-468.19607832455944 581.0350169681891
-841.2195471525253 458.4086677367134
-839.4689010496228 458.3899870446887
-762.4992025173656 248.0157302517634
-385.4025493680079 503.0223428246252
-385.4025493680079 503.6619604592675
-763.240735027884 248.83732977498005
-841.0752847790687 458.2620118850543
-840.4559293524202 458.84418965319304
-841.0317295869716 459.7553596151292
-1000 91.01458981550384
-841.1943356990402 458.452460382466
-762.5876361081511 248.23709360762072
-468.18910235454393 581.0133181816124
-385.3265269480694 503.22112272320277
-1000 91.19378989671179
-469.55176094811105 581.7054831653941
-1000 90.73476498295882
-467.6250613698364 581.4871318795185
-467.7546435444684 581.5025931664344
-385.4025493680079 503.46726958292396
-761.7592203865241 248.87067668906522
-840.1181420958336 458.7389686295311
-1000 92.25365032955212
-840.4559293524202 458.9393271701467
-841.100364955695 458.31583777211813
-469.1068906331163 582.632677816088
-385.2260933409513 501.97322285541946
-762.4992025173656 248.5402332590246
-840.4559293524202 458.2818884586985
-385.4025493680079 502.6825932748057
-840.4559293524202 459.1768154577798
-469.5343999672404 582.2864796987604
-840.1027484481568 458.3639073801512
-467.72914187944923 581.644708134133
-763.3348689957977 247.34994752640145
-1000 92.12822609720182
-762.4992025173656 248.23588415103438
-468.1505527641988 581.0350804633168
-840.4559293524202 458.79951852607905
-384.53333836123744 502.8661021324872
-762.4992025173656 248.52423847124683
-385.0025630043891 502.8661021324872
-385.19926631760205 502.218480815125
-385.90697300957066 502.8661021324872
-385.24551070476673 502.5440166862395
-840.0760925179746 457.97576747924575
-762.4992025173656 248.0157302517634
-468.12901643796283 581.5958631217871
-763.0829064196439 247.775664211891
-841.0899874645522 458.5268895118133
-468.96034787406154 580.8044742832406
-385.4025493680079 502.8661021324872
-762.6405214307217 248.94705755599497
-1000 91.65023538678493
-762.6632375449603 248.0157302517634
-840.4559293524202 457.965428978891
-469.0238582024589 581.644708134133
-840.7037928831967 459.03978936951086
-1000 91.51465123409676
-762.1454466447152 248.2764963491427
-468.70379935459613 582.3493331223574
-763.3671207472081 247.5835478110578
-467.8548846103599 582.584767503892
-1000 91.45645382177351
-1000 91.601531632702
-840.6867139940166 458.63909926425896
-1000 92.23932347970023
-1000 92.05160822650386
-468.61792825290127 581.644708134133
-1000 92.23142200813344
-384.97281567652476 501.96169062345297
-839.811454886425 458.79951852607905
-469.44906335054884 580.740133213545
-468.61792825290127 582.2318851634016
-839.9729643817918 458.79951852607905
-1000 91.82118184777082
-384.5970542831007 502.1190774160783
-1000 91.601531632702
-468.61792825290127 581.644708134133
-468.2151514643992 582.5211119627409
-467.9231843740394 581.1813574044585
-841.4347621555872 458.882675772994
-384.84513049410657 503.5204988909773
-841.0477965225306 458.4469910902132
-1000 92.44827051246558
-1000 91.81618454921866
-385.4025493680079 503.81947692747775
-385.4025493680079 502.60558682449766
-762.4992025173656 248.3483956865984
-841.2476537925211 459.7030194709427
-468.61792825290127 581.644708134133
-840.2280517049933 458.79951852607905
-468.1271631569367 581.3460049067952
-763.412250452794 248.7753551284088
-840.4559293524202 457.8250888028385
-469.3094795921213 581.7631062858824
-762.4992025173656 247.51465901785033
-840.4559293524202 458.79951852607905
-385.4025493680079 502.8661021324872
-840.4559293524202 458.79951852607905
-467.9683456869208 581.8089917587155
-841.2891617889713 459.2772005836997
-385.5601992911607 503.82050614818326
-840.5261532031568 458.79951852607905
-763.4428855288917 247.70192690019374
-762.0638562226447 248.0157302517634
-1000 92.24576009519394
-468.70049157675874 580.8480083024784
-468.4413141260718 581.6137839216296
-1000 92.20531260951856
-841.388820606072 458.79951852607905
-385.1411056771428 503.5175920751581
-1000 91.82580093396278
-385.49277661400583 502.5157225654865
-762.2207377130211 248.06503261866246
-386.18147713040673 503.6066369737443
-762.4992025173656 248.74218802226164
-840.9091990384584 458.79951852607905
-1000 91.601531632702
-1000 91.601531632702
-841.0529726094564 459.79891580001583
-384.4826500410565 503.0100658883931
-840.4559293524202 458.75486098788326
-1000 91.2247447796714
-763.3306777278123 248.07077679748113
-1000 92.1915699115667
-763.0979192323207 247.79935748610328
-1000 91.27264747159106
-386.1711447554564 503.49501115192567
-385.0370100716922 503.5811612595768
-1000 91.27665898159617
-384.64599529525356 502.42415863148545
-762.9735944316667 248.2597053134785
-762.9462948547557 247.49242510326854
-468.3171545980372 581.9708632240712
-763.4196225370825 248.7041876101424
-762.6212276607689 248.0157302517634
-1000 90.72997629707403
-762.0152520627702 248.8673130119815
-1000 92.3055154994659
-762.9302632652023 247.71041497570425
-1000 92.58307950348711
-839.6907607108024 458.66217173228455
-385.4025493680079 502.50883609373517
-1000 92.14771752763053
-385.73341254086637 502.8661021324872
-468.81704230604356 581.1023637021264
-468.01955030740487 580.909804492696
-469.3144459986847 581.5558075879477
-385.4025493680079 503.077847643884
-469.095643414548 581.6652198220058
-1000 92.5250970438634
-762.5796172785034 247.6170762180699
-386.1599436096108 503.5812126957288
-385.77473667196625 502.3916238424632
-840.4559293524202 459.5512023664115
-385.9049528398051 502.5188092489872
-386.2898062429894 502.26884968409775
-762.8744237737052 247.65497053498808
-385.4013368130801 502.05959428177346
-1000 91.968736499629
-385.0137698023863 502.8661021324872
-762.5942063087261 248.253349205797
-762.4992025173656 248.05183210382864
-763.4687015244875 248.4592095088991
-1000 91.601531632702
-469.612948106267 582.0724264461296
-1000 91.92775796357053
-469.2684585268719 581.644708134133
-841.387784142937 459.04453963956587
-1000 91.24300365295922
-1000 91.88394966144439
-1000 91.9637129084004
-762.4992025173656 247.55745160884317
-467.74261173015304 581.1188268520966
-840.4559293524202 459.6041440436047
-468.60733047373753 582.292876913311
-762.4992025173656 247.2694810957129
-840.9324203803906 457.88308801159627
-385.4025493680079 502.4729550160589
-1000 91.08386100519152
-840.0447866289336 458.2224320422675
-762.2058464572791 247.34268220827303
-385.13315957502846 501.9417811835837
-468.81874452537676 580.8360146886436
-469.26758113519566 582.1159408271863
-762.5330722156272 247.8186059278685
-468.983007110241 581.644708134133
-840.4559293524202 458.4555757244836
-762.4992025173656 248.8399548496168
-467.735116233168 582.0073463843137
-385.48242218295576 502.3411424966715
-761.7626455400991 247.65565794976493
-385.4025493680079 502.55762842126427
-385.4025493680079 502.01876569270576
-469.392879446006 581.644708134133
-761.7117978400299 247.69533708760335
-1000 91.08641752251148
-763.176804521032 248.66179045626131
-384.4077481849342 502.51981249419697
-840.4559293524202 458.79951852607905
-840.4427598395474 457.80935648592714
-385.4025493680079 502.18967008269334
-1000 91.72645381889292
-1000 92.09266068941815
-841.4025416164629 459.24013797367394
-1000 91.8113895477135
-1000 92.14887032311547
-762.101348422598 248.64631836025035
-762.6811679134332 248.0157302517634
-385.0070303694178 503.1540924965144
-1000 92.11082421133229
-763.1246408366779 248.24949040185325
-468.2698026712434 581.4227765941883
-840.4559293524202 459.64377587724243
-468.90254979788705 580.7048110889793
-840.571943893576 459.362707263892
-468.202268167464 581.2902391399879
-762.1223265991908 247.32582837072903
-761.7746230544396 248.77934934629877
-384.7290959169041 502.5496112046261
-385.4025493680079 503.6311467340864
-763.2977509644052 247.96465949296385
-761.6415126510623 248.0484305311357
-1000 91.57102788340296
-840.5851169450959 459.67707795699
-385.160821719802 502.8661021324872
-1000 92.36110720094005
-1000 90.94389036564094
-384.99144356326985 503.6608316422676
-841.0438788435138 459.0960318369999
-385.02855338972006 503.3779983607326
-762.0552363185026 247.71250326414366
-384.6871178592257 502.91716362205767
-1000 92.48095236928418
-761.7817408225116 248.75216067511357
-1000 91.601531632702
-469.0400925103869 581.1896318814777
-469.37970043426276 581.644708134133
-1000 92.16073919880249
-1000 91.5399773172095
-385.2965111562463 502.1987243552876
-468.61792825290127 581.9811929587883
-762.6259042301688 247.13787053392934
-469.1798437136167 580.6716033352118
-385.49802841949776 501.9329000211878
-385.9256525477919 503.13528329853756
-841.3180189458576 458.70825579006237
-762.4992025173656 247.6284535761524
-762.4133041958049 247.6592820511256
-1000 91.46455708789507
-1000 90.8761939927215
-468.61792825290127 581.7204735032016
-468.41184987830667 581.644708134133
-1000 92.4002834440309
-468.69210928288413 581.726543575846
-385.2034255494034 502.8382506694482
-1000 92.36756730044743
-762.3752435150242 248.9517404688024
-468.61792825290127 581.1277472541465
-469.5616371504985 582.3715203304848
-761.5151581280512 248.06302593612557
-840.2421581146532 458.42259882560074
-763.0640775099331 248.0157302517634
-385.4025493680079 501.95532685174135
-762.9068603180021 247.80961450237714
-761.8686906390433 248.0157302517634
-1000 91.601531632702
-839.5793407942432 458.79951852607905
-468.5662569536255 581.7914963554801
-840.5949619829734 459.69454780020845
-469.4858343473625 582.3435996596551
-841.1310697526546 458.8670437650016
-385.99202255818614 503.70031028184445
-840.2879533576639 458.3748007041477
-762.4992025173656 248.0157302517634
-468.72899789783975 581.644708134133
-840.4559293524202 458.2284760645264
-841.0644748008278 459.6646293855623
-840.7081797160021 459.73898875591135
-763.1264672488653 247.04642093462647
-384.6651731201172 501.9865489607802
-385.4025493680079 502.1122741192825
-762.4992025173656 248.0157302517634
-839.8395374504463 458.945815600315
-468.054979629481 580.683113272373
-384.7691809364009 503.3037348558551
-763.3095245614768 248.353954542694
-1000 91.35470876899687
-468.61792825290127 581.644708134133
-840.4559293524202 458.5228353950173
-468.61792825290127 581.8600533979925
-1000 91.83322327564078
-384.76381258561844 502.8661021324872
-763.1546149818563 248.0157302517634
-386.2645198251827 502.8661021324872
-468.5905165254187 582.5793773715517
-385.6632558084519 502.8661021324872
-839.6797183743539 458.60405762768346
-1000 91.601531632702
-1000 90.86278859407943
-386.36515357522995 503.63824022632775
-839.541631962616 458.91349374917473
-762.3413520096198 248.5959286324436
-840.4515865371797 459.77172744438695
-469.50747519965546 581.644708134133
-468.74435915844373 581.644708134133
-468.3546763205825 581.282837592725
-840.8349621547982 459.1060451675472
-384.56408427034654 503.61931326198453
-468.71738158085014 581.644708134133
-468.62858925962087 581.644708134133
-840.4559293524202 459.3106003619616
-385.52206160594375 503.2281105521018
-467.69651225054804 581.644708134133
-385.0785837646004 502.3010138498812
-385.12706332319544 502.6547984869484
-467.9022171462183 581.644708134133
-469.38877672603564 582.393371402741
-763.0490772463527 247.9522896470405
-762.4992025173656 247.67053211021138
-1000 92.52532756032036
-1000 91.19499135899243
-469.09038365725877 581.2058372859362
-839.9194771141307 458.48036615929976
-1000 92.37105577309949
-385.222243359089 502.86620859525203
-839.6641346915031 459.1919128385001
-1000 91.76780502787611
-762.4992025173656 247.7668442744601
-840.1266256239082 458.2481655627202
-840.2101346563377 458.79951852607905
-1000 91.93109848730477
-1000 92.36568440328355
-839.5639311496561 458.9983651989052
-385.8457206153434 503.7424599547505
-1000 92.08046510417896
-386.0518444208753 502.1719134363894
-469.3733971355984 581.644708134133
-840.4412160252954 459.7639682770054
-840.6929542407557 458.58532352358276
-384.6660538593036 503.3573628517127
-840.4559293524202 458.0833630274732
-841.1242271324725 458.27255246829156
-1000 91.64958397192567
-468.61792825290127 581.2730222669198
-467.7254160621627 582.0555690010907
-467.7793199341549 581.784447832447
-469.2498698281367 582.0341462425674
-840.2769292011075 458.2992623320728
-385.63587166861186 503.6930277845322
-761.6466005705461 248.58341862151696
-840.0192023369129 459.5016909333111
-385.5159731241229 502.85997445291156
-1000 91.13073076159931
-762.4992025173656 248.43579061894812
-384.68599430079206 502.0576378080374
-1000 92.16514318151677
-1000 91.601531632702
-1000 92.19359296683045
-467.63314125514273 581.4147617808729
-761.6830494765659 248.22967831325545
-1000 90.68908116649632
-762.1303272920762 248.0157302517634
-841.2783156900025 458.8093310485822
-468.04137614151136 580.6680699957068
-762.4992025173656 247.3763599467031
-840.9984777778003 459.4439984410376
-1000 91.601531632702
-762.8837496274055 248.65940896886426
