50
1.8979661936458958 0.9759545893919035
1.948366639627927 -0.16544036195803719
1.6341203686639565 -0.044231941910579664
1.3745468987582632 -0.66585387570118
2.0550199354839696 -0.5858973293120386
0.9777544940902578 0.46060443210388513
0.9435905837557879 -0.11801311908771311
1.2224816231626083 0.0961905517184456
0.04952128174322512 0.7935708906425842
1.1857432018964882 0.31148634315711593
0.6998700876317066 -0.42122990397852006
0.9793432022970336 -1.115953534119877
1.3472202441521706 1.0840069280765614
0.77989094163684 0.46509680425645405
2.017883203482521 -0.17845137948096768
1.094030716664107 -0.3046325732721688
1.3533451466775086 0.16345913156651842
1.1857432018964882 -0.959007100433781
1.8902413582319328 -0.16544036195803719
1.4635976849856904 -0.3216676677182069
0.9441427235259796 -0.6050569359820865
1.2786492221941457 -0.4939093191698627
0.3576975621553997 0.15767164479464957
1.009906388018934 1.1228039854474496
0.44813017643348596 0.05274619657693358
2.308097593406112 -1.0701766580771224
1.094030716664107 0.16345913156651842
0.9553991770607579 -0.711249623587259
1.4912160967825527 -0.41548410590904106
1.794438451385339 0.9966582393471426
1.648535132943346 0.39630134691307073
2.3981377351600535 -0.28681802284024926
0.869147389692073 -0.16544036195803719
1.9122578176922282 0.1950331037105031
0.8057871658065388 0.6580492917683078
1.4635976849856904 0.6410053225642585
1.1600061876452048 0.7502981239467057
1.8803523014042791 0.9973653076886622
1.9009574089495276 0.4206157726915085
0.8716220173479365 -0.16544036195803719
1.5685820029552007 0.6575898847388577
1.1857432018964882 -0.16544036195803719
1.6606809236752704 -0.6957553627201827
0.11165162578351273 0.9777496961818746
1.123762335621693 -0.17845137948096768
0.5658275624925384 0.47293205466020655
1.1580466884555076 -0.4143335646332918
1.094030716664107 0.16345913156651842
0.5231661353775863 0.5268331686428638
0.9553991770607579 -0.7061130321211351
