500
-57.33316008380389 -695.1583724589526
-1.4920098883993562 -779.4517240567267
-151.2446110539749 -830.6657020635975
-49.48851069553317 -786.6584193889764
-26.32092092576851 -773.5188031047918
-66.10946624576408 -755.4317050885946
-75.56299697927699 -795.9169404596439
-54.57435511269226 -788.8395275957133
-183.33269902817597 -831.0181497332882
-38.44798255124265 -757.3614827398015
-42.82737728423936 -728.7204486242317
-45.26157638602909 -877.3621455216229
-58.241606842744766 -771.2318255024893
-5.922390525561319 -855.742107915032
-45.11907144450803 -876.5702608986422
-1.9112519956934828 -780.1323242163056
-32.94958126139462 -777.5111320472164
-93.47248940401118 -791.0634481522881
1.6480623030465438 -955.4101446068156
5.156095713349108 -837.3799171035507
-2.467156928880492 -877.3065916353873
-43.46178427156961 -729.3587082766445
-50.5679376056722 -786.6584193889764
-75.15286461895863 -796.2478022685939
-46.389253433054144 -759.877821767643
-184.30152490828985 -794.676335287152
-71.05023200841998 -789.5287199400784
-100.03217889403625 -682.9976656222093
-151.27393695338577 -830.348998320906
12.030909152370713 -802.5345096937815
-76.46631907829874 -729.8033053432058
9.821007341206926 -946.8710144198253
-0.6665170222936843 -780.1397404787606
-5.45894052524195 -855.5422605105229
3.0756143313554336 -802.3067235715337
-71.05023200841998 -789.0124058797498
-44.48043479825231 -876.2043752881978
-38.28270536847117 -759.0443207990741
-49.984911732803894 -786.2384806069991
-70.87409494115236 -759.4590699011271
11.385925228300302 -803.1917468572894
-1.9110117454143754 -878.1514924681393
5.781487854762377 -837.6967932019938
-43.86632594573745 -797.6208138463658
-45.98391786710772 -760.8728791503628
-49.6971294794021 -786.1783156508068
-106.78899760457371 -827.9890829723021
-107.03386649971758 -827.3286973975456
-92.53957996345694 -721.6357847513414
-58.72382894429261 -695.1379692142523
-45.985061011398564 -876.4598217513005
-107.94605376758537 -828.0092501374935
-33.78114035283072 -777.5794287106767
-144.88327260940036 -825.2859411976062
-76.8712686575986 -752.1191565349296
-14.109794987070913 -794.8885839863109
3.0756143313554336 -801.8721988925864
-89.04386651949079 -758.3147317922608
-50.84720011727168 -775.9208063401786
-76.11106668794719 -795.5224059650203
-43.60535840868328 -798.9459237245763
-143.5014024530807 -825.8408983039313
2.502206119604249 -955.7558548156317
-185.31942305313407 -796.4182131462804
-71.03214506287192 -788.3451588739798
-71.6496215448715 -788.9197509124149
-92.98970956315497 -792.2312688216521
-71.2901563564558 -760.3097818679234
-4.870792265245737 -894.5370170069713
2.289872034162823 -802.8551889170346
-183.5103973370003 -831.5094314814114
-34.93160598503412 -824.9108655752475
-100.8768517865192 -681.6551365798978
-15.812169636499481 -898.0972915349456
4.604977732272302 -882.5483632481665
12.23251674129903 -803.598276528746
-54.57435511269226 -787.9691621942322
-89.91781714796461 -758.3560138313662
-72.00380200831617 -788.1992950812916
-30.421881464410582 -810.4442345453455
-5.843488838252786 -855.5085862572296
4.3843706002465535 -881.8000947928805
-88.67160852481744 -758.465620223075
-58.152358377526845 -696.3517730365985
-150.37822197665952 -830.9696031336707
10.242820224269863 -921.7081860643189
6.118521072347633 -837.2365396507699
-100.8768517865192 -682.4505440569903
-89.92406623748019 -758.3790977543773
-62.86206907834159 -697.9717229443439
8.906766273582 -947.8160466310117
-179.57970053903585 -801.5497557992325
-178.6260286792687 -801.5324452593204
3.023047785834713 -803.2332515898677
-5.291870080911124 -856.0322994040723
-58.2351625256474 -770.4752003232609
3.0756143313554336 -802.3067235715337
-15.722682320663772 -896.8193677920598
-56.87766571637903 -772.4940167414603
-58.447483964365425 -770.5605168743339
6.991359173236032 -838.3259013112697
-49.77622267887965 -786.3442838795035
-76.00798057200578 -752.9016519439333
-13.63713586469646 -795.3825419325378
-31.249226609021544 -845.7055905568794
-36.6043072413953 -823.9818461894938
10.385150620363165 -947.2680611986526
-0.9752214186042867 -780.9267194112181
-65.83751256602051 -756.3418249655235
10.525865255599708 -803.7807098522626
9.356415044281288 -947.2698607723547
-63.81383804491316 -696.5152538070585
10.640588008647812 -921.6818524595385
-50.78096752072341 -787.2197716409452
-75.02727574814593 -795.0407187694988
-50.391763926889745 -775.0280709998036
-56.902099112796755 -773.6561223495847
-45.42550426397742 -875.6536383418689
0.9618429429297966 -956.4310826304097
8.900855800864534 -946.7537289182834
-50.740401325039144 -802.9720961044203
2.5226518196316534 -955.526298171921
-75.51816377666239 -794.8849391071047
-56.37076354581732 -773.2768945928219
-50.572177906092875 -775.9208063401786
-29.347769380796507 -810.0849282719597
-75.9875540505 -753.0877590625417
-2.813418224471376 -878.5673441252374
-46.127204585491135 -760.0875596564033
2.7324885839709836 -801.5037768388071
-184.71025416584936 -795.3076598801188
-4.277501580153072 -921.3710767605177
-88.19361471634713 -759.0194670035378
-76.72930216943506 -729.8719216574591
-185.03160340558813 -795.4603663042876
1.6480623030465438 -956.2864047395105
-151.23638850724288 -830.761856047531
10.119870539297557 -921.1181960958668
-184.72567630839973 -795.5193352139861
-101.09204184324322 -682.9053955890705
-43.8462703648618 -797.6852797532543
-182.4590886540034 -831.0181497332882
-36.371268902088566 -824.5974479729722
-76.56693173711756 -729.3210897223552
-178.53739921216462 -802.309288108015
-66.47660394465322 -754.8533531194242
-46.075580733369506 -876.4815382601209
-4.250697134189313 -894.3711920899148
-5.212821770408056 -922.0337720955488
-107.81252437217432 -827.8824768031446
-14.745158431716005 -794.5024946623337
-4.368011488768851 -894.0391400244229
-101.03503375451312 -683.109340115045
-42.37498119384097 -728.7067897815538
-92.11521616481582 -720.7637829018946
4.517508438071397 -882.5483632481665
-29.43486846922421 -805.2446804588197
-91.95065946600441 -721.6318371442842
-151.70009592440084 -830.5148888474241
-179.61856886287288 -802.1833220973293
-107.15114960651006 -827.012062159657
-178.49991785724822 -801.1910087299487
-66.78443204293765 -755.4317050885946
-182.6025365939483 -830.7160926822846
-38.44798255124265 -757.6757196193222
11.385925228300302 -802.9842064200855
-5.8850830829443055 -854.8067898791123
-56.49337470002733 -773.8307865031362
-76.84509849590296 -729.7646610724989
-33.154919553147174 -776.8739525438226
-29.92354929187041 -811.1337341847429
-143.88271789691188 -824.7776225670858
-50.12037175178174 -802.0959309505985
-75.15942438654687 -794.9999021453577
-71.42816322393783 -759.4073847291822
-29.956408024994595 -810.8294808317783
-92.98970956315497 -791.6261565553316
-151.049478203694 -830.6657020635975
-26.081406941764115 -774.0188866165453
-15.741461114687498 -854.2372812020398
-5.24105096128325 -922.4100856706852
5.619393591310333 -837.0975506806184
-43.53165927405816 -728.3975673981483
-92.98970956315497 -791.4950770584654
-35.56597207810044 -824.3941241617956
-66.7356884943021 -755.4317050885946
3.0579956133532553 -801.3741940947252
-178.6260286792687 -802.8487034175507
-16.242858063343643 -897.2681755330068
-179.54144320897814 -802.0354773676318
10.756606196462995 -803.0992514853123
-75.15942438654687 -796.3374786423217
-26.081406941764115 -774.0188866165453
6.118521072347633 -837.052667840018
-178.6260286792687 -801.8994821291642
-15.571947043488857 -854.3846352391095
-70.1987460809579 -760.0278180614325
-37.99601689673494 -757.5791408719917
-101.04584348232784 -682.4505440569903
-75.59798013371847 -752.182735128205
-17.569511160652294 -897.8153913968096
4.604977732272302 -882.5483632481665
-30.021611137031833 -805.2446804588197
-54.87800658841964 -788.7070633962949
-35.899766710410134 -824.6085719102784
-14.990383147767105 -795.9632904026369
-17.489387663113337 -896.7015209183825
-55.47141953660425 -788.3875751169874
-56.132295517619426 -773.7422719787731
-14.319825053585763 -795.8923301994547
-53.678406360018336 -789.138047849392
-6.109781743082379 -922.2201426290832
-92.53957996345694 -720.3142850370086
-77.1802709716451 -729.1072323519677
-150.73112470684197 -829.9076654826004
-144.1012514071148 -825.2283547936934
-93.28645276731677 -791.8278582984539
-58.192345022572596 -695.7703723930697
-52.27494102801346 -776.1973795150539
-4.574621225874347 -921.7206541913599
-59.84396257001323 -770.463944874975
-4.09280677988637 -893.1469127673723
-29.148709776852762 -811.1958833018617
-54.0360466750935 -788.2297413960448
10.925773673425198 -803.5004555132753
-93.59699672607647 -791.4950770584654
10.02730630143528 -920.8147092676242
-76.38912703950653 -729.0527058059902
-30.186230689233277 -811.3620597461513
-2.3988739971704724 -878.1514924681393
-29.052769666935397 -805.2446804588197
-50.86354290931529 -776.8476430413784
-45.01766729475273 -798.1909719975265
-32.94958126139462 -776.927283816897
-71.52870274899533 -788.9749089108825
-6.0280451299105895 -921.8303219075123
-62.01773663361853 -697.5235885032539
-101.26926493489202 -683.1993681205062
-45.95380925611173 -876.5702608986422
-16.47569582608942 -854.5203009259116
-28.711803789946302 -804.9821219960127
1.6480623030465438 -956.2742422686582
-16.773673549523732 -854.7604163840127
-5.329216188681847 -894.0597468303455
-32.3778835167234 -845.3535961214545
-2.784691940152696 -878.4911339157055
-29.956408024994595 -810.9849324332822
-13.98537749790623 -795.5035793006618
-182.02541755744582 -830.3842239297877
-93.38966043286067 -790.6885086906149
-58.192345022572596 -695.3077066558591
-29.711018814828858 -805.2446804588197
-31.89115141933502 -845.57775262411
-4.443254566579001 -893.5802643144873
-1.5162219667326555 -779.4249888837539
-66.2264445664703 -754.7619247719132
-28.99446529447478 -810.1660522539806
-70.67578473257903 -788.2608483132848
-144.66166144843118 -825.2859411976062
-25.596042483601188 -773.2345606698105
-14.573942290479762 -794.712249580417
-184.92713365979017 -794.6130706789863
-63.03799276071072 -697.3526124055686
-35.0540229305791 -824.5974479729722
3.725370650389091 -882.1679848227808
-32.94958126139462 -777.3054914694108
10.603161257703492 -920.7836823926044
-178.46909368616028 -802.0344323368795
-74.90432327951251 -796.0059868000629
-16.67873342947212 -853.5990699448054
-1.3085402285373793 -779.3372221786763
-58.192345022572596 -695.6626327878853
8.824544459665267 -948.1518713758654
-71.33371885717072 -788.926490978431
-49.984911732803894 -787.0294401463518
-93.0262686519986 -722.1577120724196
-31.398427496112618 -845.7179515770821
-184.90738841206203 -795.5193352139861
-38.44798255124265 -757.7962506369792
-38.07318389222494 -758.6210010642984
-53.68682326188555 -788.2297413960448
-107.50918063722915 -827.5195911370291
-52.08856744434664 -774.9314814707807
-5.45894052524195 -854.9386613596945
6.503015305507223 -838.6736169123847
-44.66769082930122 -876.4846942677442
-182.20459948255782 -831.6747780778526
-32.33320924403695 -776.2726744393458
-70.36454771559328 -788.3327904326272
-62.35913530243884 -697.5850987575178
-70.16797050781136 -760.2884555858457
-92.1915596482029 -720.2471027996988
-5.383421390939384 -854.815158711061
-50.726818195850804 -803.7354142819638
-29.956408024994595 -811.2781234622508
-76.72930216943506 -728.4531990891494
-59.124035936371016 -770.5605168743339
-26.054474366902824 -774.1051902427712
-66.1898244215729 -754.7274566053557
11.861438944550551 -803.0992514853123
12.18154999929253 -803.0992514853123
-76.2069961384672 -729.0259084779009
-4.7560613488423185 -894.2341939560749
-152.07243177911135 -831.0271556922031
-33.885053340457546 -776.9365354854363
-16.918327444687403 -898.023250744276
-5.251113723871964 -921.8361058797813
-144.62176971675356 -825.2859411976062
-31.592209631280664 -846.0429361974876
-107.96623032371791 -828.2382651088358
-66.10946624576408 -755.4317050885946
-101.41975983777247 -681.703912118995
-51.28651420371444 -775.3552505562934
-58.192345022572596 -694.6453660406464
-43.43967995131845 -797.9104355582414
-55.26684989905601 -787.2899978121129
-93.98378008853278 -790.5067847487264
-16.1029889277086 -897.3737696694324
-26.063313472683017 -774.7254098727362
-46.84085360615563 -759.6178059884453
-74.33618085104085 -795.8692851561761
-183.25357464501047 -831.6929010297341
8.81698775465269 -947.7359383709611
-43.84985006864815 -798.1884002436608
11.385925228300302 -803.4141361412907
-27.017232567051305 -774.2784294627236
-2.338870526514292 -878.8053656330193
-62.839898572292256 -697.8358831113117
-92.22575281518503 -790.7557612556539
-50.15050602984162 -802.1894483086173
-92.53957996345694 -721.1973287604274
-58.996292955962176 -770.5605168743339
-0.5295386899948542 -780.3772985936029
-62.74552328305371 -697.4670396033281
-143.69664644210596 -825.2490075109769
-29.40631784453906 -811.7780177598672
-45.749628024784975 -760.7120582979474
-70.72113926472996 -760.5325977346891
-59.08530624391335 -771.4089397991335
-63.725123188591425 -698.1972976611877
-76.00798057200578 -752.1875156979678
-58.39363298700909 -771.4245566480063
-43.27785799579991 -798.5893426819486
-0.6019823897502117 -781.0205746716196
-63.457594191109635 -696.6950111448723
-107.09311210259116 -828.1467337763634
-56.70482696594679 -773.3540616483239
0.6867611255394517 -955.9787428937744
-59.42512039936346 -770.3195821236604
-35.899766710410134 -824.5974479729722
11.040605694258538 -921.6046330180179
-143.92404583547048 -826.0797249930637
-178.93867802097225 -802.1833220973293
-16.250326368619053 -854.3237906439516
-56.428285055161595 -773.2886479101505
-33.668162382656185 -776.9365354854363
-49.529237498431556 -787.1469948610471
-45.75169873488049 -759.1797273419253
-44.17375627123556 -798.3332953754059
-75.694722592911 -795.887041089835
3.1305237954762957 -802.4291290046168
-45.374136815750525 -876.3313660683975
-5.15424138781077 -893.1649132147849
-58.054184919088634 -695.4201488219167
-144.35175315491486 -825.6499477351723
-50.84089553289337 -802.5669609945694
-92.55517168227384 -720.3443299073778
1.7315657845931594 -955.3890452206372
9.711356278546694 -946.841776357286
-32.12212832827973 -844.7331901739059
-41.98170356558256 -728.2363581756226
-4.04813270519573 -893.1730061939204
2.7782052842053737 -802.3067235715337
-71.27929596093414 -760.6087679836808
-46.59996822063849 -759.877821767643
-16.056727701279783 -897.898242442313
-44.871811016658796 -876.5702608986422
-42.96349664562292 -728.3411873982573
-5.45894052524195 -854.7297418533129
2.265037279874183 -955.7799527512569
-5.26130148186709 -922.2201426290832
-16.2358734389704 -854.6102364556394
-106.80098715911707 -827.4610700380056
-32.17120984090614 -777.8696542059073
-32.97109047970617 -776.6611501019947
-36.40495741656885 -824.7544411504199
-58.55571377604348 -694.5057385180459
9.240845132759102 -947.2680611986526
-51.28651420371444 -776.3600870048299
-29.630988119829894 -805.2731521326789
10.010594494973613 -920.094503994871
-38.44882016738514 -759.0293081618681
-89.20455521723478 -757.9845602769674
-50.39119703799296 -802.2077589331458
-75.36711977281698 -752.1880745811671
-2.3988739971704724 -878.1514924681393
4.893228404970601 -882.7114116065146
-100.63374842913578 -681.6175096377491
-0.9752214186042867 -780.1533067375201
-16.71000853860697 -853.549042155503
-76.00059373994998 -751.4505168818645
-16.26907088352138 -897.1057648086548
-43.35459906772757 -728.7067897815538
-71.12556044724171 -788.7586117611041
-70.72113926472996 -760.2885652264532
-36.647490187476606 -824.5974479729722
-50.373770681267594 -802.8706896436811
-89.61595472470812 -758.0881157440507
-76.72930216943506 -729.4337498350188
-3.620501493458289 -893.5746139292031
-14.417377239179437 -795.6440092339867
-16.167520124132118 -897.8216614243858
-59.891126399410126 -770.6217004120633
-93.56758180144614 -791.9578984585494
-56.44500574487954 -772.7140949113324
-49.98380311647829 -786.6584193889764
-62.13312254487021 -697.256202349551
-2.3988739971704724 -877.6692429100232
-30.31003285546135 -805.1637907444169
-184.78078158915338 -795.5193352139861
-92.34168405655936 -721.1973287604274
-29.630988119829894 -805.2446804588197
-69.75126423142804 -760.4819929272613
-31.398427496112618 -845.1313344575786
11.0529791252002 -921.2437023310041
-32.305469671737995 -845.8835769195773
-46.010897320145034 -760.376980217059
2.2119785089718285 -956.2864047395105
-88.53201916350527 -758.0384712748031
-49.624850908303586 -785.9539419754194
-66.26520920307755 -756.10051606335
-26.081406941764115 -774.1192683796793
-42.94699452254087 -728.9738030853259
-16.47569582608942 -853.4810893924817
-26.508853892751514 -774.0188866165453
-69.90206348598902 -761.0528899476074
-185.34377118288145 -795.496602359654
-16.721776740425515 -854.6912550638693
3.961446002805454 -802.3067235715337
-185.3525189458198 -794.9124029125902
-13.552197867411135 -794.4038784831025
-14.319825053585763 -794.610803315566
-29.630988119829894 -804.6558043956941
4.604977732272302 -882.5483632481665
-42.971393299141624 -728.380608120956
-50.229878502903254 -803.1625700276583
4.604977732272302 -882.8819868472877
-38.44798255124265 -757.8719471135282
-44.17375627123556 -799.0230871122465
5.407706082378506 -882.5483632481665
-107.50918063722915 -826.967258535899
-66.9878197194229 -754.623880421064
-92.3404528990063 -721.114155600679
-182.5454525646722 -830.4700581228725
-45.45464267200359 -759.9347519133834
-143.54711552887 -826.053540246177
-38.997348526316024 -757.7588589487376
-49.37589082542297 -803.6678172619702
-1.8750434470443547 -878.0824505879636
-46.127204585491135 -759.877821767643
-56.22394740941184 -773.1875210216093
-51.28651420371444 -776.3131002488743
-75.12257270382808 -751.5862166137284
-89.09208847028644 -758.5825986168509
-36.837483005844774 -824.0942065472199
-5.45894052524195 -855.1157569809351
-5.5442568663546545 -922.921597569717
5.604626242309216 -837.7361713701871
-44.16117059037679 -797.4400903226089
-151.0207193805534 -830.2880998800506
-55.101616591962866 -788.2297413960448
-32.25818294582503 -845.57775262411
10.922939712899446 -920.9326878480067
-58.91753506082344 -694.4459320200175
-75.49453190835743 -752.9052203066752
-51.28651420371444 -776.4034514588
-54.12997257478761 -788.2297413960448
-29.11193838223929 -805.0960538054488
6.118521072347633 -837.0385100406079
-1.3670942691305397 -780.1323242163056
-182.14269514160065 -831.9397959981801
7.029357882458603 -838.8078522471737
-56.45805399334782 -773.5919433456783
-31.398427496112618 -845.8343653115288
-50.46487656868283 -801.9818494674804
10.911396723141413 -920.5832764851606
-182.07519391824783 -831.2522787435174
-99.88441764430013 -683.0165122984615
-25.295986437812893 -774.0188866165453
-42.88696936594278 -728.6042497627061
-37.57551835715013 -758.3422549425896
-76.6755357179359 -729.419238585202
-2.3988739971704724 -878.9650633752912
-4.833312904450317 -921.7194545481045
-5.543517685691967 -854.7309927851805
-151.2446110539749 -830.6657020635975
-89.26432805233769 -758.1063503651375
-75.83388430814152 -752.8457966665022
5.206408415883548 -882.5483632481665
9.707196643185453 -946.3130213681789
