500
125.01867725376276 -51.53610935047552
116.96764524095981 -84.99191640627102
118.59980583884153 -84.89822388705701
101.23328049145394 -79.74768889817831
101.6113784775032 -98.43788544481966
84.21847643340023 -91.83921533040541
101.64374440291029 -80.25815027069976
100.87206686404166 -99.69430180804858
102.41462556960954 -80.16483902215487
101.61058453666644 -99.36903458319927
117.63974298128791 -85.73869455504249
124.72892037241499 -51.55031672955536
101.05094507090084 -79.76906015880263
101.97204278308597 -79.78176573104798
117.92744585434353 -85.10109388097925
123.8905487188158 -52.48706847795932
118.01642036785871 -86.1583895698756
84.30762727282051 -90.25861848969787
117.23533115909933 -85.48950363702579
124.50441448688211 -51.35658033368977
118.16841867011809 -85.25312869790767
101.96538140584087 -99.66294709830875
83.46484835091567 -90.67014199007532
101.6113784775032 -98.47470300989895
101.99819690195496 -80.68256729569342
102.68730702121219 -79.8546184992081
124.00045658253241 -51.10947386712032
101.53293473439258 -99.5403471868104
84.02136989335469 -91.89052489868699
124.65458571592183 -51.41916854248437
101.39210206149554 -99.36903458319927
101.13460654196763 -79.78176573104798
83.44784341224513 -91.12441147235603
102.03838412732976 -79.22568285947143
100.68070844667875 -99.36903458319927
102.47322209997932 -79.96932420128343
124.20064035517193 -51.39598650856504
117.63974298128791 -85.48950363702579
83.20626086573391 -91.01627484681836
102.9687699174358 -79.70672402605892
124.50064530056035 -51.888086569022306
124.80097936127542 -51.83588595949302
117.1533619361273 -86.20288314032199
118.35568945271545 -84.64294096574442
102.10659470750282 -99.6328822993023
100.71961940692096 -99.36903458319927
125.44864460323123 -51.36738413721982
101.0458793006997 -100.0862868019477
84.57777525556544 -91.50831011578262
101.86810058994996 -80.42937947707243
124.63465183748798 -51.425927849975885
102.90187161611368 -80.01818547191914
83.59873950220184 -91.01627484681836
102.13299729968884 -99.1050880113792
118.45602716401804 -85.86238485721111
124.65458571592183 -51.763007385845555
117.63974298128791 -84.57089187401695
101.12682821314013 -99.43157338279923
83.16085213278585 -90.0407318865175
124.34117912507678 -51.98873650935723
124.02038581113644 -51.98873650935723
101.20951671573721 -80.0128318970586
84.10524609845612 -90.38700751582205
101.73066061640965 -99.36903458319927
125.62742278113654 -51.006762744698186
84.1704710368087 -91.01627484681836
101.8178815090137 -99.20108360601881
101.08855321921835 -79.78176573104798
83.09011045401557 -91.68552366915688
83.86213667473706 -91.64407633602077
124.21927388478954 -51.98873650935723
101.54455296610365 -99.49983695446909
101.59595292522697 -100.11149951239513
124.15596584244653 -51.1125753863193
101.14505764202426 -80.5185595152064
117.63974298128791 -85.48950363702579
123.78085905341621 -52.8961456209174
102.03104056657372 -79.66712592963692
101.09600949975254 -99.07656865733142
101.51414034447086 -99.2224514503323
125.16692383511985 -51.454594373328796
117.97900241871366 -85.8953553070532
116.96365818877342 -85.68771000139657
124.67571782737028 -52.72640234065191
124.65458571592183 -51.28083643112251
125.03971446706224 -51.98873650935723
101.07462867156181 -79.5869540202998
117.38654491353688 -86.10056532703639
84.54886773906199 -91.98465414759094
117.80700476305269 -85.48950363702579
101.05539062052564 -79.78176573104798
118.4354950479128 -84.67928138284974
101.57554618843281 -79.4453383306913
116.94383772221845 -85.48950363702579
83.70500527177332 -90.2854149054342
124.65458571592183 -52.19193015581952
101.9308198163211 -99.60708746918903
124.48259873903997 -51.76451534724723
116.74619680180454 -85.6573223672769
101.6113784775032 -98.77294128904191
125.29724140238226 -51.26566816950978
124.55670306448407 -51.98873650935723
84.26006953450391 -91.01627484681836
117.79764604551528 -85.11146921920422
102.11409885748733 -99.36903458319927
84.43617625927658 -91.64454986570802
101.98819900383 -99.36903458319927
102.43494861936148 -98.81917698486443
117.16899856891406 -86.22172506467032
101.99819690195496 -79.78176573104798
123.8059004644506 -51.80495002883418
117.94940493973641 -84.67316401892732
83.86389551617921 -90.4682744001778
83.56954562740941 -91.01627484681836
102.09289828634078 -80.23556351350034
117.25135260009668 -85.79096175235766
124.04059529543929 -51.01359817066142
101.9533691873401 -79.37319207882183
101.44490297761321 -79.78176573104798
83.47017632409447 -91.97521346614039
117.2564070621408 -85.56696389843837
125.4275151151306 -51.85153261401696
124.86234311948766 -51.27991624467473
83.1520773713118 -90.90237088417278
83.70500527177332 -90.53016349261611
100.89650632909083 -99.36903458319927
101.29587390445538 -80.381513971712
83.99431124308614 -91.28518025880311
102.56548576315275 -79.20860154464012
83.19372700403214 -91.01627484681836
102.6061067341562 -99.00060456971143
116.98944254507452 -85.1573197899241
117.63974298128791 -84.56382471109495
83.93405407201706 -91.12298613843933
124.63593304137666 -51.205946823011836
124.08883672028703 -51.34260366446804
116.88040226784926 -84.71366224622676
117.71219914907627 -85.72711159383864
82.97876900050211 -90.47042883002464
101.6113784775032 -99.38578959690517
83.41003956923421 -91.00021382887111
101.40776797618827 -99.52116069164738
101.6113784775032 -99.36903458319927
83.11873461425225 -91.78190159336998
125.63830594661059 -51.370649191831134
102.59673441960189 -79.50492303337293
117.4040127507904 -86.29244095516971
102.45843689161414 -99.36903458319927
124.65458571592183 -52.507041699932714
83.94856346097149 -90.25002626017415
83.55505921552046 -91.01627484681836
84.48580657651482 -90.24478953737405
102.83347193091808 -79.48497779717432
83.70500527177332 -90.58027370600111
124.65458571592183 -52.36985060997299
82.79725538041505 -91.50884548304518
101.55187535606004 -99.19290956972826
125.09219534726529 -51.46302705091936
101.64760129126161 -79.90385429862658
101.84074342286812 -79.92265970304314
125.60132480540464 -52.407262992263846
117.04629021945432 -85.48950363702579
101.28691869581392 -98.91487340322293
102.74713903502119 -80.47494679441718
84.28363180612718 -91.99583099085918
101.39410505853385 -79.4670424804407
83.16960861009515 -91.01627484681836
124.0601749705245 -51.98873650935723
118.25225164385698 -86.09976759137028
101.77024094635122 -100.28894006459082
83.10501949342307 -91.40588489466988
101.99819690195496 -78.87487436983757
101.07159688003601 -99.93965063019996
101.6113784775032 -99.66270644209902
101.46173460446735 -99.36903458319927
124.65458571592183 -51.553589529775856
101.02863233452712 -79.78176573104798
101.28203401184577 -79.0804531421841
84.67614389777191 -91.92747550937281
116.76895194544511 -86.37471273786534
84.47243270183127 -91.15014828416555
118.47626751107234 -85.2791485936345
124.22107820845908 -52.093347801067644
82.94233161895484 -90.43694670394727
101.99819690195496 -79.78176573104798
102.50432844310194 -79.50198011703975
101.40801231682465 -100.11654363266109
117.35668311536077 -85.60581446128232
102.98978173598545 -79.32581017628429
83.70500527177332 -90.7941220346341
118.34139318577702 -85.05418780708003
102.00536623267084 -100.23652146844908
101.62704637600721 -79.78176573104798
102.99061992695643 -79.78176573104798
101.6113784775032 -99.43401906235064
82.85432726444836 -90.67049990658332
100.68157659603722 -98.6128935115653
124.41592377268549 -51.98873650935723
125.50781174496312 -51.28436974798518
84.26207258786556 -91.91110214306818
102.32827901791336 -79.33377783938673
101.86378994728486 -100.22568154374909
101.99819690195496 -79.78176573104798
84.24159956076576 -91.01627484681836
124.65458571592183 -51.14809990260707
101.91589961364832 -99.72686097190002
124.22410778761237 -51.98873650935723
101.6113784775032 -100.06511021572955
123.90148340265738 -52.126586704435404
117.04796740159085 -85.5720479726525
101.26160074157025 -99.20383653282373
101.83562874572152 -79.78176573104798
125.58906385732038 -51.98873650935723
124.0104922333529 -51.794773763813545
124.81999651775682 -51.98873650935723
102.42094327447481 -98.71686254189824
125.2746683824259 -51.926181605601684
101.99819690195496 -79.78176573104798
84.12212842287929 -90.27049153409118
83.70500527177332 -90.78847413325072
117.63974298128791 -85.48950363702579
124.65458571592183 -52.48890762924589
117.00299983592375 -86.02158295613214
124.95907257551174 -51.98873650935723
124.65458571592183 -51.98873650935723
101.6113784775032 -98.62586660315245
117.63974298128791 -85.48950363702579
83.70500527177332 -91.05696478989057
101.65534157686642 -99.10759945310116
124.65458571592183 -52.32964254300669
101.5872522228947 -79.78176573104798
83.72405617393913 -91.01627484681836
101.6113784775032 -99.36903458319927
125.02152970621812 -52.8531951017079
101.96319186709923 -99.56413277491721
101.521306818524 -99.43404324261154
100.64667218554199 -98.80021952602344
101.6113784775032 -98.84212299452962
117.57352641969077 -85.71686321312717
124.20210971154688 -52.619873997506595
102.16604250945483 -80.76709073397235
101.03403136657522 -80.10713346199458
117.13712750329768 -86.02213763133396
84.34502119709371 -90.14145376621417
83.73853946447461 -91.01627484681836
102.87273268545763 -80.48003560100675
124.50765565892927 -51.98873650935723
118.48223281754501 -85.48950363702579
118.5612676263403 -86.47270339523602
84.41443183637875 -91.01627484681836
101.99819690195496 -79.73112393659666
83.96415544694875 -90.08930116525609
101.99819690195496 -79.73982510245489
124.61381252961912 -51.98873650935723
101.99819690195496 -80.42536345632502
124.09177046606122 -51.853245778022135
82.93447030234456 -91.37290962838532
118.3135394354034 -85.25742736495498
102.83644723735944 -80.15931429004725
101.99819690195496 -79.70364434818394
84.63877472521088 -91.60657203607299
116.65797058520195 -85.40380676776468
100.69546700286602 -98.45031781126431
83.19767398951828 -90.97729140368791
125.46372832477502 -52.95947459055896
83.28374375555298 -91.6766553697633
102.74586354340845 -80.11887774557516
124.5604165595218 -51.48816833847417
101.79483749406899 -79.78176573104798
101.51529902328164 -79.26546598818462
117.48205513686707 -86.36611463729388
83.83914675556225 -91.01627484681836
102.36159724450182 -99.36903458319927
124.33098784578904 -52.64731376824911
101.6113784775032 -98.38662894071201
125.41339273580955 -51.748845610864635
102.66983176217087 -80.59194077026278
124.47685996310494 -51.98873650935723
118.51768715165035 -85.75850172979922
124.94104534553762 -51.98873650935723
83.86594740069562 -90.08888665272029
102.28902374684107 -79.72122382183828
83.10444987354778 -91.80567226934512
83.70500527177332 -90.23510032678114
83.34972376238655 -91.0331391502639
101.09366374355467 -79.78176573104798
82.81891066734354 -90.62620389118025
124.07847436777165 -51.346100326666466
101.15754961165143 -80.77279084795103
83.7920212098895 -90.35588137138677
102.91421144099101 -80.11170622298101
117.63974298128791 -86.27274077577198
117.90845767579738 -85.20455386824091
124.18403781576325 -52.538086946383196
101.24354013237166 -79.78176573104798
101.37114919511265 -79.62832840029988
125.0757214355412 -51.47234362675963
123.67895164187898 -51.088592248239394
101.6113784775032 -99.36903458319927
118.08045601528498 -86.31146003098826
82.72570032613568 -91.60619211923694
101.014173178914 -99.36903458319927
101.6113784775032 -98.44221565041008
124.08605162348736 -51.29545577742553
124.65458571592183 -51.130927335130615
117.63974298128791 -85.48950363702579
101.34843529480642 -98.41532908512737
102.00236935667775 -79.78176573104798
117.63974298128791 -85.5323979617478
83.70500527177332 -90.4389709226469
101.82481044060272 -79.95925079101883
125.16035280500721 -52.606030406789785
82.8543152119866 -91.691033792654
82.80452825518836 -90.91213983265122
101.5395036498703 -79.78176573104798
124.65458571592183 -52.569240470218624
83.70500527177332 -91.40360347107875
101.6113784775032 -99.75791898602681
101.11841226442853 -80.42304475057767
83.75547882863953 -90.84741969728337
102.85396270405654 -79.53394399753566
100.73556374578715 -99.6357633320362
118.46763794642102 -85.48950363702579
83.70500527177332 -90.32485578817007
84.25569478391388 -91.01627484681836
101.79924093693347 -79.36243081492437
102.54225673992599 -79.70996757076692
117.63974298128791 -85.48950363702579
101.6113784775032 -98.6990703745344
101.23067873544241 -80.00094307041948
123.72102467567635 -52.768682641914886
102.25424027908511 -99.38339812621872
101.07250255916647 -78.9485246906571
83.29217315174039 -91.87547957228873
101.26078938887804 -100.06732839987156
102.01496710847962 -99.36903458319927
102.24157962169544 -98.99064999675328
84.27360276639017 -90.4416692943341
118.41413306934496 -85.48950363702579
101.6113784775032 -99.54283478657979
117.63974298128791 -85.4861954647828
116.74458247961138 -86.43186161821659
84.53478771053308 -91.01627484681836
84.41682187214798 -90.63142515768092
117.36039136685451 -84.56647946002366
101.99819690195496 -79.78176573104798
102.1000491524567 -99.37096995367988
125.4933298241496 -51.28997573296995
125.17159669297344 -51.74766351126409
117.4171491601655 -85.15768288987317
82.83475715148047 -91.56426542269686
117.47095983988984 -85.50385515074866
124.77129842152253 -52.69331587810502
101.61908429102934 -99.36903458319927
125.23275670347066 -52.37846010376716
101.2766086462055 -80.34671890601172
117.28586139515008 -84.69409962653683
123.93504009833026 -51.98873650935723
117.17254047057598 -85.48950363702579
117.01810202496306 -85.50101510494227
102.45928527689252 -80.343920539775
116.66920778958524 -85.93058601387155
116.6661351533723 -85.48950363702579
83.81881119434478 -91.77029113020312
124.74048785940126 -52.32457381473802
102.16543800333243 -99.24162107562584
83.70500527177332 -90.42794620302254
117.48713888904085 -84.52634313908044
118.56033893496037 -86.23931817059399
117.63974298128791 -85.70883290453246
84.57642643677595 -90.80432167316276
124.65458571592183 -51.746475295326974
123.79468036777986 -52.67247558332236
116.67546506107396 -85.48950363702579
118.46114836550214 -86.35819044558822
118.33888601094469 -86.21356633773577
125.27776536484019 -51.1825923721912
83.70500527177332 -90.88193131506355
117.19056102442624 -86.25802606262067
125.13936928446097 -51.23805167517348
101.6113784775032 -99.36903458319927
100.82592750464192 -99.84141217255826
124.65458571592183 -52.28087024770389
101.80934234444025 -79.91571656515285
123.75688532071486 -51.62389592268569
84.43522219861661 -90.27964804331515
117.63974298128791 -86.19094286140117
101.3182003668431 -98.4203609181042
117.19122246896448 -85.65484699685702
101.6113784775032 -99.68231309570194
101.7349483471 -80.15291661826122
101.47155394840019 -80.64586615282853
102.20124818829605 -80.49485886476916
101.36167123579528 -79.85666141631573
118.49974984182234 -85.24313292487807
84.65717017814315 -91.01627484681836
118.10379198990542 -86.4440529351665
101.49589349470983 -80.56939562778157
125.0578250097187 -51.4760185118532
124.65458571592183 -52.95863877785783
83.18327455165435 -90.50814725503975
83.62465543920369 -90.3648659922222
102.26020698259873 -80.21946180490299
116.76980163381968 -85.91550901094755
101.6113784775032 -99.53355405440092
101.08783807600473 -99.03097801763369
101.88900173466436 -99.92143891271994
84.0278637264348 -91.01627484681836
118.49285298438653 -85.58400025575355
117.68235972539753 -85.41180398220791
117.39103950998832 -86.01825872194999
124.65458571592183 -51.98873650935723
101.89050452334624 -99.39227872281343
83.55977793665559 -90.06407814639928
117.63974298128791 -86.28278224531783
124.85236654798712 -51.98873650935723
125.17015484947257 -51.98873650935723
117.63974298128791 -84.75053520792808
84.10914278535623 -90.5516967405085
83.55479146831264 -90.83227286256076
101.6113784775032 -98.90804462351186
124.00600774282472 -51.523749215055645
100.89861380868246 -99.36903458319927
102.77118345456995 -80.16276268867571
117.45554179686745 -84.50223980235796
116.82510637944948 -85.48950363702579
102.60457808151179 -99.36903458319927
102.2948610196248 -79.80551787921961
101.99819690195496 -79.59730620303782
102.10502355992301 -80.65523278232423
102.46331906631922 -99.36903458319927
101.10805116284193 -99.84990767958095
124.75121490793154 -52.80350323445275
117.2564761011564 -85.48950363702579
123.98598283824357 -51.98873650935723
101.23698164566169 -79.78176573104798
101.53735598734329 -99.32043930641635
102.37042520156692 -99.36903458319927
83.70500527177332 -90.93383947462586
124.31445233964037 -52.901455898067084
102.33004177248718 -80.38724230973122
101.24046707281416 -99.50640259947627
83.35608159823377 -90.74968078401209
117.69749170204827 -85.11152728179042
101.09707981288592 -99.36903458319927
124.19641744438105 -51.51759435369986
117.62370502877143 -84.77531214755716
117.13062589929037 -86.16771080144562
101.00368121959768 -80.01859439364671
102.13317650195201 -98.68986324989751
125.29893019051342 -52.20092392031012
84.68150720668432 -91.01627484681836
83.17092703891025 -91.01627484681836
124.65458571592183 -52.34963922552487
102.02656053625 -99.36903458319927
101.2877473454614 -79.78176573104798
83.22952452903797 -91.93714993328469
102.75259427039651 -80.55075899375477
123.80888261353226 -51.98873650935723
117.63974298128791 -84.50059340326675
82.72196065490849 -90.07163460553714
101.6414730230178 -79.19206443799318
101.33098922949237 -99.1061675494736
118.15816351015137 -85.48950363702579
101.6113784775032 -99.87199072068816
102.23642718447135 -79.78176573104798
102.30242630635264 -99.36903458319927
83.55603471304931 -90.63496415421372
125.54271427801545 -52.533102770665046
84.32141875705923 -90.34309164448591
83.01749458550164 -90.7332110550677
102.50159360957988 -98.99156819371365
102.08585133716218 -100.19661078294772
101.36717537644229 -98.42820490770225
118.30900227617725 -85.48950363702579
117.63974298128791 -84.64513175033413
101.6113784775032 -100.35870900389396
117.38675679936757 -85.48950363702579
83.70500527177332 -90.99503802861074
117.63974298128791 -84.93091781678066
118.56587998967231 -86.06182805226179
84.00443780185392 -91.80098289824913
101.88545303493075 -79.917295765271
102.11004741984604 -100.07792845276603
102.28850004928402 -100.08271424792781
117.63974298128791 -85.48950363702579
102.69713388389646 -79.15655674096162
117.63974298128791 -85.48950363702579
102.33724680314495 -100.20747497310569
84.25569148440955 -90.24814446618431
101.99819690195496 -79.95355900703993
124.92782393332628 -51.35981289946926
102.18417605299456 -79.48419592251811
102.56728921950649 -79.41269401092167
84.11389233727627 -90.1920701745516
101.36933147795165 -79.78176573104798
102.53112023582679 -98.68269831099175
102.298199449319 -79.78176573104798
118.10438514785852 -84.67535763371623
117.98923995630122 -84.68132792197414
