500
-8.949393752569826 1.2780326228957883
-4.591471369454809 0.19811513555673188
-8.945977250659558 0.33445031356109456
-9.001660768303545 0.8494744617386045
-5.0066566094797285 -0.7591086412567778
-7.592871103282246 -1.0516186342869878
-4.763501623441576 2.472167276387397
-5.868372923786962 -1.7427136339261293
-7.375293299673631 -0.95371298250052
-5.085222762553151 -0.9005474702738829
-5.111539351937701 -0.013498805608749276
-5.112754281932128 -1.439123324003069
-4.591471369454809 0.7825750075511835
-6.748586701475287 -1.608711083786214
-6.103393474573613 -0.5595759463445151
-6.672846813838356 -0.5864885626477447
-6.877277573538211 -1.1892070632026421
-5.354460176305242 2.0341878473896347
-3.8376595401855695 -0.013498805608749276
-5.0263929872617865 2.903071342869882
-8.369824963695244 1.7810255923373577
-5.387306718564452 -0.674601776315571
-8.222176433732852 0.9997014186552515
-5.859183497746858 -0.6934390757954549
-5.811216398949992 2.903071342869882
-6.343176169927639 -1.5844458499517058
-5.386475231536909 2.4333098339139747
-8.182949373607332 0.8758499068513337
-5.859183497746858 -0.8553524659218377
-4.591471369454809 -0.04715663513903734
-5.737619861554569 2.7576527998190947
-4.653927696606717 3.006049028613377
-5.246914754639483 0.1314535047025256
-6.046281615672696 2.6173939165732936
-3.98991106813969 -0.4601646664109065
-8.781457084796587 1.2536603478869746
-8.703460608493282 0.2832444667298428
-6.185439040886784 -0.49362124649092953
-4.37419547306187 -0.49209099735705775
-6.192804786661399 -0.9005474702738829
-5.398117256559065 2.0116875041963374
-6.5953004586394 -1.659836639449604
-6.199529076808685 -1.7392322654455385
-6.000410132260042 -1.1081827975912832
-8.136436034508728 0.4944996976795992
-7.755409028689718 -1.9372467394178208
-9.10402231114663 0.731823833938092
-6.573169070273936 0.014149324662755092
-4.3704299649475224 0.07458873622239315
-9.001660768303545 1.7192470848089798
-9.30030049977005 0.055500058620287396
-4.9596918474389735 -1.6563942336186135
-7.0491248213922875 -1.1081827975912832
-3.6013150825355673 -0.45889792474171665
-5.378418330937615 -0.5526742995263376
-6.194980256661167 -0.9005474702738829
-5.01906982546218 2.8778777962063056
-8.978473441849458 0.19261157453403843
-5.1756778685198706 -1.5677577355346453
-3.8909486246986225 0.7804846193269039
-4.591471369454809 0.47625564755512517
-4.708327295494273 -0.6439774918713537
-9.140104092095635 0.9997014186552515
-8.616755636348868 0.18770394862718365
-9.377958376978068 1.5827258537941489
-6.664819689768742 -0.187945754502703
-5.143038190356647 2.895376903359123
-4.172488266824324 -0.013498805608749276
-8.616460852089176 1.3213270398769053
-5.859183497746858 -0.7197351198105786
-5.492532805143892 2.518091111600321
-9.227657637962023 1.778935749678293
-8.871437698209842 1.0313782339112774
-5.4472290996609765 0.4858076501571291
-4.704592895621792 -0.5052737120566779
-5.837221429130208 3.0463948309459763
-5.41150985021202 -0.9141517982862151
-9.001660768303545 0.7034962289200128
-5.2730875344384245 -0.6943375337457691
-9.518780759659606 0.8688919047747952
-5.109659565910379 2.081905170718902
-6.877277573538211 -0.6918854675361321
-5.859183497746858 -0.11919197843399498
-6.702744685747228 -1.2926930491273736
-7.1027466981171115 -1.4025771365964463
-5.56915553305817 -0.013498805608749276
-9.10254500870528 0.705524773189667
-6.342835755063599 -1.7052599660615115
-8.198801907502581 0.7000419612920958
-5.408421528834225 -0.013498805608749276
-7.402201739277453 -1.4286054801622916
-5.075389767037357 2.8690434581834667
-5.480094380144819 -0.9005474702738829
-5.859183497746858 -0.7687975567227565
-6.877277573538211 -0.22997767583655104
-5.769468018584163 3.880562519177327
-5.503127197871582 -0.9005474702738829
-4.428436034739457 -0.2484889193178217
-9.023489702372261 0.16455008004221372
-4.231050027662246 0.9771799397193328
-6.416215500275701 -1.8268326019998073
-6.3489769326776315 -1.1081827975912832
-5.201735423030222 2.9108118814937716
-8.211540848727628 1.0244841120409718
-10.00124620267753 0.43835451300858685
-6.241337517767764 -0.9005474702738829
-6.472711840683797 -0.22423616875315422
-6.877277573538211 -1.1081827975912832
-4.935104704751525 2.5083643418578454
-4.811924331772024 0.3919823098516584
-6.068049816888864 -0.8266443517491182
-6.439655735310985 -1.870638817446663
-6.829923434001294 -1.1832765959284821
-5.545456985744014 -0.013498805608749276
-6.035403289452809 -1.1081827975912832
-4.0810037373365295 -0.35543870981731973
-4.8752373902086195 -0.013498805608749276
-5.1759195007576455 3.216324426295328
-4.846198909519683 3.0546842370080203
-6.628332143182577 -0.41372135837694257
-8.877069865602753 1.5668178376653699
-6.101936443647437 -1.8925408016650345
-4.591471369454809 -0.5759068858858063
-5.326077414528016 -0.013498805608749276
-4.675508680420254 0.42569211611760993
-7.524548675566612 -1.1497899472537663
-5.9300752342995615 -0.49702940931460415
-5.066565228238332 -0.9152633180581962
-9.001660768303545 1.4929242128657074
-6.877277573538211 -0.5882246724991009
-6.877277573538211 -0.28706638277689445
-6.264169880957999 -1.5796510432836852
-6.182107890141435 -1.8736563684415906
-6.073022355071464 -1.3005757952824857
-8.714200642218806 0.9997014186552515
-4.625854286478374 -0.013498805608749276
-4.222786866177551 3.494503804269954
-5.241109674162011 -0.013498805608749276
-8.030649802863085 0.9050366470044411
-9.001660768303545 0.9388875870414479
-5.9249637317072334 -1.1081827975912832
-5.548589043297709 2.903071342869882
-4.155145737963709 2.8169795582648294
-4.173978322708821 -0.3806015709393433
-6.4492897280394645 -0.7065081710422747
-4.1852459659862244 3.4221043678570946
-5.878662044518795 -0.9482399077019155
-8.58655021509741 1.692843072049943
-5.109659565910379 3.0164207122107
-5.570333720119397 -0.0018027180799395914
-9.166728123398713 1.7595161089371516
-4.168730345345505 3.077751752270278
-6.877277573538211 -2.000509050730453
-6.877277573538211 -1.9346909070486475
-7.105696581080572 -1.1081827975912832
-5.208481508798671 2.2985892329668944
-6.742999354340411 -0.9206704154735499
-6.089206399949835 -0.503507831337755
-5.859183497746858 -0.4974605577629976
-6.819402788457766 -1.7536069167793067
-6.650570107287857 -0.9005474702738829
-6.10338365444653 2.903071342869882
-9.27024007397242 0.9997014186552515
-6.144281259101232 -1.7138382632542013
-3.915124934486634 -0.38314804217528264
-9.728548424858165 0.9997014186552515
-5.866659299614793 1.9061309508520725
-5.771677944778759 -0.18769987059289162
-8.57323012244588 1.325110319981414
-6.451989996741916 -1.3857189250480684
-8.669404931379706 0.07807721748170304
-8.298563434494241 0.6373904368321481
-5.820137175835289 3.3239155218545546
-3.7907951275947154 -0.7820054902746827
-5.218758770813804 2.636700816484524
-5.109659565910379 2.1814234474779406
-4.5393187058534785 2.903071342869882
-5.870919072733952 3.7210769736413702
-7.173442499363394 -1.9721944278732595
-7.498716483161052 -1.1081827975912832
-5.352297707870722 0.24217554523252516
-7.177916142302402 -1.1670042866744734
-5.109659565910379 2.5148561237871423
-9.001660768303545 1.7053611524054733
-5.859183497746858 -1.6112956456921164
-9.386772985967891 0.9997014186552515
-7.20766839065522 -1.2657865208570553
-7.580416356280475 -1.8131580665454339
-5.441057733246919 -0.007779414979269816
-6.857044189220344 -1.8006111977306798
-5.569233923071372 3.63502675487051
-5.109659565910379 3.467144308205905
-6.39080144871034 -1.1081827975912832
-9.001660768303545 0.9264557834403779
-5.847938938505955 -0.908467287446145
-4.467499514587642 2.07213012029294
-9.683966921685936 1.7634466410994167
-8.491015138087002 0.40223761872453734
-6.877277573538211 -0.26325234288363464
-6.144787076838045 -0.7721168280515545
-6.435316330826464 -0.4157547321130497
-4.876997204145053 2.903071342869882
-5.768316893611162 -0.14371379394159622
-4.236388067378973 0.45980221256571197
-5.293200826617229 -1.8991890352664709
-5.843229941797131 2.903071342869882
-4.711594337069711 0.8322344256407848
-4.157880335972919 3.593923721353362
-9.001660768303545 1.758118256345689
-6.789055323651133 -1.0964268262989172
-8.2253683612411 1.7189669293195668
-4.280052165440385 -0.9811890611771761
-8.200006765159186 0.22357229650228283
-8.972142418288367 0.801386372792205
-5.9719790731933315 3.0951015968642324
-4.1831171389759625 2.927169665147712
-4.412334628369484 -0.6368233754848327
-7.259922588835921 -1.827378818531708
-7.595978153640885 -0.925120670940248
-4.093136026423506 -0.9125455692930893
-9.001660768303545 1.992866590330747
-5.820426605094512 -0.35648868207483386
-7.38545881923757 -0.561357659843051
-6.362949971488452 -0.2504829608957597
-5.522618715815063 2.903071342869882
-4.728212880124179 0.42796349434676917
-5.859183497746858 -0.9005474702738829
-6.740045556161343 -0.19148870113494176
-6.877277573538211 -1.4152812165164699
-9.001660768303545 0.9997014186552515
-5.104262492275103 -0.3609429912379247
-5.324727530635184 -1.6123070509182489
-8.500987916987333 0.9997014186552515
-4.227005454798083 2.903071342869882
-6.374384613641314 -1.5175121933669433
-6.85507092836892 -0.887097785790881
-6.005274078091137 1.9995156922404318
-9.53680411398936 1.771379013990459
-6.877277573538211 -1.1081827975912832
-5.188081940139211 0.6232543621998317
-6.877277573538211 -1.1081827975912832
-6.828922526193277 -0.27803599225711584
-4.990237272493886 3.4126440788040084
-5.482472093812221 -1.5975512250543555
-9.678997723702407 1.9157047104749179
-5.859183497746858 -1.1731603634431331
-5.041557281238993 -0.4538609164783942
-4.424507808968753 2.9936221137769987
-6.982811173941489 -0.30032046799770296
-8.832262974245946 0.40980632181155996
-4.213198755823463 0.8822325547108454
-4.313945633299671 3.5417861468247276
-3.814208473139403 -0.013498805608749276
-6.877277573538211 -1.1081827975912832
-6.022452051797323 -1.693446537649411
-8.296107647193997 0.4826791510682087
-5.109659565910379 2.903071342869882
-9.67858078683084 1.5323962801170292
-6.97071476196497 -1.1081827975912832
-8.148149565439123 0.23204724745770755
-4.919078054012912 -0.26078787014206317
-4.591471369454809 -0.8162932976275339
-8.70840222543881 0.8008371921436248
-8.075414902191831 1.5687554091557157
-3.7749267775345943 -0.6379142770518595
-6.3608675690070315 -1.745601761237003
-6.1051863655517975 2.903071342869882
-3.717321905281488 -0.8597702844461224
-5.516804016706038 0.9139817481722095
-6.877277573538211 -0.8988023541876922
-5.036956939606744 3.7596691129411086
-4.591471369454809 0.3998851826860299
-7.023674959060626 -0.8986593075205376
-7.490465555666997 -2.049369041977209
-4.679885688315419 -0.05941164835756907
-6.151489896593932 -1.6003834686533844
-9.286668790801732 0.9997014186552515
-4.4905633906969 3.2926952472089397
-7.870635909251857 -1.1081827975912832
-8.135565165968728 1.0185753957102452
-5.859183497746858 -0.7384413510984782
-6.877277573538211 -1.532419372730063
-4.8172547218603174 2.8560375732687975
-5.381736291957084 0.816892984050219
-8.568925968373732 1.7181171231081491
-5.109659565910379 2.410367156512197
-6.1715734515732805 -0.9198781208860891
-6.296703348475863 -0.5827589315255095
-5.590411855969366 -0.3873038358794172
-4.819447652561641 2.4641462760267254
-5.087706965337906 -0.013498805608749276
-8.127634173593572 1.5262489459942965
-6.077497114794851 -0.9005474702738829
-4.664517710493732 -0.9735046868341153
-5.109659565910379 2.6196014779626764
-4.2438922428659795 2.040333016867084
-8.458032106468757 0.9997014186552515
-6.877277573538211 -0.34942239847280465
-4.591471369454809 -0.8652464195258367
-4.75524764887249 2.903071342869882
-4.591471369454809 0.14528895567906286
-6.877277573538211 -0.4967684750734007
-5.8552748529200835 2.9648015018128344
-9.019268286708035 0.9481571041462786
-8.149617415410997 0.5686721470249174
-5.337645176760971 0.06688837962836724
-5.265279161315694 -1.855283847679412
-6.6697256346106295 -0.4723804818499975
-6.71453094574534 -0.5769512977834994
-5.241814835977939 -0.08336162898143984
-4.874045355598451 -1.2425835356842987
-6.012936272354686 -0.9005474702738829
-5.789499900158286 2.903071342869882
-5.028722942373808 2.2593836933315137
-3.8551809121711615 -0.013498805608749276
-4.805251889828969 -0.013498805608749276
-6.165007772186214 -1.2528567542102316
-6.886197540477579 -0.7424508327940211
-5.454256297439434 0.9221181703509875
-8.053163117067152 0.9997014186552515
-5.859183497746858 -1.6706372252185875
-4.90247125830968 -0.0278716739909588
-8.745948287563102 1.108412628041453
-6.677115943339722 -0.626582988330014
-6.877277573538211 -0.4249799168102135
-6.877277573538211 -1.9934923392100852
-6.712783530253651 -0.8821642372970764
-8.149818851891885 0.9349500784307212
-5.743401226986276 -0.8208491542871568
-5.109659565910379 2.903071342869882
-5.127097077894838 3.549534026590636
-5.573585314702353 -0.5592624731891387
-5.859183497746858 -0.8268618722905856
-4.591471369454809 -0.013498805608749276
-6.59212104929582 -1.3323033767652648
-7.15711275404414 -1.1081827975912832
-5.291628962439391 2.5563214677179666
-5.8895823829921765 2.903071342869882
-9.404282148084128 1.901366497352332
-7.639926475354264 -1.3779840416178366
-6.688319746118104 -0.6150754357316779
-4.134283354896919 0.04712896077594242
-5.168057930607733 -0.9112320501897386
-4.591471369454809 0.35698900788435695
-4.562580822031211 -0.03524638342574349
-5.564724049859352 -0.12574041462294927
-5.277571682907646 -1.4901053466986243
-4.591471369454809 -0.30611407331056384
-5.859183497746858 -1.373163780283845
-4.717797229970092 0.18981787220086654
-4.591471369454809 0.9317821476999162
-5.997386514496478 3.153986314250443
-7.114273785163736 -0.7087612714912856
-5.812551016300513 -1.2910404127680217
-8.654813112611219 1.1583653615513234
-5.859183497746858 -1.0917265692470366
-6.464847667234913 -0.804456193946425
-6.2726043386464525 -1.6497554516441917
-9.866894446237765 1.5485484859517473
-6.378912983581084 -1.4693960032592426
-9.001660768303545 0.06025210614688836
-5.647289479844867 -0.9926965906345735
-9.388501939231716 0.9997014186552515
-8.284475321098567 0.3307270799279243
-5.109659565910379 3.657141461519136
-4.591471369454809 0.19118055582986937
-5.859183497746858 -1.0694919174403783
-9.001660768303545 1.7683501443502212
-5.859183497746858 -0.9005474702738829
-5.109659565910379 2.191389502694548
-7.452315585187394 -2.0984256388667264
-9.612455813374783 0.9997014186552515
-5.109659565910379 3.656305399461282
-5.109659565910379 3.0049521837214503
-4.982862586357424 2.5736736753430476
-5.859183497746858 -0.722905436274837
-4.894120793475188 -0.9005474702738829
-4.289594978044437 -0.21241795032113564
-4.591471369454809 0.6489357948673402
-4.591471369454809 -0.9678618779428871
-5.792423112531477 2.6516668340178384
-5.295303564279411 -0.9005474702738829
-5.5182092418059225 3.443692308480909
-4.628424791590937 2.0510000262352817
-5.442158885565497 2.5487017882340472
-4.977639844947705 -0.5550443334116231
-8.883621327970511 0.9997014186552515
-8.583529731015153 1.1830735472506753
-8.855617088673515 0.9997014186552515
-3.7464640830281306 -0.8378777609284227
-4.106347316277727 -0.7729800358717855
-4.123498120358031 2.4901975755353796
-9.823776802545622 1.5778120732153982
-6.061960195471402 -0.6111427767577085
-6.877277573538211 -1.9880291924565838
-4.220136267560182 3.4638179003774283
-8.11611216709538 1.5708273000442001
-7.062613334955364 -1.1081827975912832
-7.686463449512597 -1.630770046030523
-7.800259940083658 -0.6544707251132322
-9.001660768303545 1.1315670060676972
-5.109659565910379 3.396238851120116
-6.741666664058728 -0.9005474702738829
-9.47023731225439 0.9997014186552515
-4.591471369454809 -0.1829087928840678
-5.109659565910379 2.6185040053940885
-6.877277573538211 -1.221167598121651
-9.81781102323496 0.9997014186552515
-5.696827038330504 2.903071342869882
-9.944466268854693 0.4720448926102776
-9.061878129704809 0.9997014186552515
-4.868639677450787 3.3854090520764033
-4.455952557583148 -0.013498805608749276
-4.24580091397153 0.3128011804813353
-3.9556175021936815 -0.9084365805548291
-6.845065653097788 -1.1288087783454632
-5.306538472576833 -0.013498805608749276
-4.591471369454809 -0.17090917265731465
-6.123898990021418 -0.9005474702738829
-4.809602179247554 2.069028491044719
-7.847129851072815 -0.24357791570745269
-9.001660768303545 0.9997014186552515
-5.729475151022238 2.8849318574191125
-8.641248100110552 0.44216330476796206
-6.337625843689046 -1.0830485955845432
-5.995897256666463 -1.8886314040560692
-3.7820812267476187 -0.36160146816129024
-7.058898360816392 -1.1081827975912832
-5.446769769762135 -0.39138460551957777
-4.4022373462652595 2.903071342869882
-6.191233252069839 -0.7960959624837416
-4.591471369454809 -0.013498805608749276
-3.6303131166940643 0.4904031478572477
-5.385651426530013 -0.4404907130667355
-6.563287481597829 -1.1081827975912832
-5.060295359311082 2.626297290301842
-5.859183497746858 -1.151496487404279
-6.846952848507626 -0.6323629956929919
-9.001660768303545 0.9956581829580824
-9.493386698326916 0.9330846687516918
-9.472568106931599 1.7349421582397146
-6.019690076452887 -0.6951975774498131
-5.109659565910379 2.038311983423758
-6.185882828771391 -0.7946699855512256
-7.589008627708143 -0.733813802440864
-6.877277573538211 -1.494286451511195
-5.859183497746858 -0.9005474702738829
-5.121804512493332 2.903071342869882
-9.89047779753323 1.2553731833601953
-4.977673523557932 2.903071342869882
-4.58177131250155 0.3264407752963798
-5.2284814006444265 -0.9005474702738829
-7.838875411117989 -1.0012960684796892
-4.182200620979337 2.903071342869882
-5.758821425605739 2.903071342869882
-5.305801117279053 -0.013498805608749276
-9.001660768303545 0.329060326850803
-3.8412754264982025 0.1817613021658293
-5.5466450823833675 -0.9005474702738829
-4.591471369454809 0.4394692849116535
-4.491094736023758 2.9184846852787514
-6.351070085790829 -1.619293060567754
-9.813525128641672 1.762142150544697
-4.591471369454809 0.9180387366705189
-4.39048341399857 2.9643577213962526
-5.451994054029581 -0.512855690258408
-5.859183497746858 -1.496762757409602
-5.859183497746858 -0.08812981625517557
-8.905458283556857 1.2332233996780697
-9.45694251178539 0.9828862396227711
-4.679198742880441 -0.45909398103275056
-6.478064468237487 -0.9005474702738829
-5.233866598691717 -0.013498805608749276
-5.018590480537607 -0.013498805608749276
-6.77084276888146 -1.1081827975912832
-5.1814847365334735 3.0155334360177806
-7.616732737186423 -1.9070868950111193
-5.2025132280897335 2.903071342869882
-6.101922435061933 3.0543306080262136
-5.919280611133641 -1.6240544693919645
-8.038455323390478 0.9997014186552515
-6.327182333945659 -0.4631699324560492
-4.128153004120176 -0.013498805608749276
-8.511754012959248 1.1050962284540482
-6.286674801424228 0.06271511997954482
-9.101046346231996 1.2771993944423945
-6.754568021669357 -1.4009582869793105
-4.2009617685464145 2.8665636689890377
-5.109659565910379 2.0068950333051214
-7.212146968044223 -1.1081827975912832
-6.877277573538211 -1.538946610566868
-4.591471369454809 -0.013498805608749276
-5.109659565910379 2.466717540241777
-6.531948896165859 -1.239723051502173
-6.267369024946554 -0.9005474702738829
-7.563041812359064 -0.24206736797126838
-6.062376236291121 -0.6013203825659563
-5.149048148420204 3.768447154568821
-6.877277573538211 -1.346473804152573
-9.283463507360807 1.7458954295221754
