50
393.536178180417 -1.300728468013144
123.03318409027017 1000
122.81949607680005 1000
263.0779372416314 842.594510025192
529.3957134029184 542.4553031577585
528.8308581665575 541.5544894226566
487.6739562458797 391.90660797232545
529.696271476502 541.7020566205717
487.6739562458797 390.9353621728409
487.4253271425016 391.4673529672172
486.7870674369436 391.90660797232545
530.5465817075395 541.2765631773289
123.40654193170761 1000
263.55669581079707 842.5859513597236
123.03318409027017 1000
392.866885071729 -1.876862639235588
262.9224870024684 842.5859513597236
262.10696109643953 842.6166830175421
487.6511326738794 390.9476681812999
530.340536507 542.2519341442253
393.5169262736479 -2.154015163375036
262.37794823248754 842.5859513597236
262.9224870024684 842.1925360774256
393.13683213023086 -2.1085710477417385
123.32254557030828 1000
529.3006745585395 541.7824207631373
529.1186692197199 540.7151042366797
123.27516294069137 1000
487.6621166482522 391.10515892666234
487.6739562458797 392.86673356152954
487.1519046755213 391.964001079485
262.9552547470155 842.9590844965305
487.2855459293772 391.90660797232545
529.696271476502 542.1174050285056
263.35652013342235 841.8391644559518
392.1575786467211 -1.2908566872620633
529.696271476502 541.7140561952651
123.32707391024572 1000
392.16903717364596 -1.9054830753439893
262.863265823221 843.180728027689
123.03318409027017 1000
122.71894720007424 1000
487.6739562458797 391.90660797232545
262.9224870024684 843.26954786006
393.1910172684043 -1.876862639235588
392.374240470897 -2.4460294030192324
528.832266953855 541.1248293920692
392.866885071729 -2.053615679655893
392.866885071729 -1.876862639235588
122.46853351067557 1000
