500
-5.114359786517907 5.2388265255771165
-4.704523992285842 8.042091283990185
-5.576527973880216 5.541878081245302
-6.855178860260108 7.2651530280075916
-6.961801852981979 6.755286144732873
-5.370874517726256 7.083910766403012
-5.412356949150502 7.386866534810396
-4.973055851891663 5.300446833455336
-5.557435340583622 7.066923146106488
-5.401626174619922 7.013700588295383
-5.997713532762076 7.467399100029488
-5.9002056147783914 7.98620082314418
-5.786628068843567 6.354696796975925
-6.330220046257809 7.662875815217508
-5.650119957035566 5.8457070548555246
-5.660853028944987 8.245910449819977
-6.0178781342736976 6.143486737288182
-6.274233138766942 7.754006846733254
-4.122985621807034 4.787431660557954
-5.361801533493782 7.120033760471278
-3.9286154507228117 5.773204794367699
-5.019333572413572 7.642088661163315
-5.2531763123632516 6.439300796227715
-6.605178858672701 6.844560865457709
-5.240087582317926 5.147166096387417
-6.312239366690919 7.966508405255514
-4.681663631185153 6.942908845739394
-4.262019438835016 6.006359923596964
-5.100361372278238 6.482000976965459
-4.948055246496828 6.1719937638331155
-5.437264487044462 5.983396463151201
-6.1697001190306215 6.815635838904923
-6.192026759153933 7.805757803230112
-4.98177116709097 7.472426211099042
-5.275017349812249 8.325357028913656
-5.6549701440967075 6.889130692372422
-6.132949142479641 7.827232532185268
-5.110723284212421 7.863155137289231
-5.8969306325011095 7.074275741521165
-5.5202047623331945 7.355777443778784
-5.278188168838937 7.21552645984041
-4.780658861018413 5.694452799787951
-5.46563147897003 8.232559270712505
-5.918412833949078 7.472853444025857
-4.859595412733712 6.480779215887689
-5.795627885671181 4.992799259573637
-4.788998709155529 5.105004486703645
-4.996601279044566 5.075909513135108
-5.620567687957132 7.474329109169573
-4.904916466076229 7.313476167485407
-4.044566611795047 6.433596435043359
-6.946954859068467 7.603542937648565
-6.34088477099491 8.397161166326185
-5.7289400411322315 4.841575259023149
-5.003089172467627 6.4588133052118355
-4.844785831683826 5.283358618762101
-5.099863818700753 6.677878292209475
-5.639262761073859 5.909911654131838
-6.578715670448759 6.752853932045984
-7.011838246940931 7.013700588295383
-5.970908014921205 6.24702861540289
-5.639575750223458 4.904557203252855
-6.032822727868253 6.482344773079193
-6.276594265177355 6.4588133052118355
-5.137407498558798 5.969731512744518
-4.908300442487265 6.863324465653914
-6.2531758993642566 8.818903969359539
-5.410163118208241 9.09723959815033
-5.530927295835031 4.518587337962176
-5.384705511834584 8.440968805747278
-4.127998152049061 6.3152819459845375
-4.662988520693666 6.480779215887689
-6.325041198732393 6.452322838086376
-4.844145146238596 6.077501014741882
-3.809148278715423 4.410855403630295
-5.78171285795358 6.656316207557975
-5.187409028415232 6.077501014741882
-6.057811726178303 6.671248019781162
-6.0178781342736976 7.532629248420656
-6.803403361896177 8.859871610241326
-4.696485299025534 6.077501014741882
-4.788998709155529 4.714394963875521
-5.261773690634829 4.865889765045578
-6.832088942967518 7.508446055446288
-6.727301176137058 7.146956858290552
-4.948055246496828 6.485596237612017
-6.180184404779073 7.14182315755123
-6.455906758784534 7.428673101175372
-5.747080864268925 6.6633431413522874
-6.6189358861305365 7.013700588295383
-4.957655855871504 7.966215906819293
-6.006500904530785 6.380447384937071
-5.576483737030878 7.566276519048242
-4.7832732389137655 4.414583870695931
-4.285508723835237 5.661412011986688
-5.426361859537141 4.793855478496889
-5.949720208385106 6.4588133052118355
-5.804382312327438 7.282776821384161
-4.687312096529007 5.820247126756911
-4.2273079958427715 5.610826165528798
-5.167010211360903 7.229106856725974
-6.052307503763441 8.13395951066678
-5.5868644555489295 6.815209455967526
-6.82553576695522 5.998562312855852
-5.799752930469007 8.372117535278285
-6.326856476193676 7.764601871668108
-4.329249366440121 5.610826165528798
-4.6951834121853615 5.567866922738238
-5.508994837160904 5.035832779101468
-5.6641834050641044 5.294636277008005
-5.97497222544008 6.27625499152799
-6.027698594689138 4.264647699905492
-5.85908056517313 8.425201088072429
-6.824191905552629 8.181752354964084
-6.536952068562631 8.689885138666062
-6.596873467031072 6.916215135307088
-6.050325543277662 7.313476167485407
-4.63653368334887 6.664937676353225
-5.674760801308355 7.7106068083636465
-6.042099461968848 6.899766269086751
-5.762673211243433 6.818722316019858
-5.903150486011114 6.859301263948657
-5.52727230892498 7.578976581868536
-4.993532562126724 7.455353372816402
-4.716343723327448 6.480779215887689
-5.224853353572239 5.680419520280818
-5.850995833674336 7.12570819659263
-5.149623146641922 7.5081814001670715
-5.674760801308355 7.967223824029733
-5.640858466280321 7.118078354750891
-6.776010095303844 7.662875815217508
-4.676354136816126 6.0781039438011195
-6.152137037056776 7.677365498281969
-4.578944461539467 5.135147495414835
-6.0178781342736976 7.217480484558303
-4.350451490832504 5.384829170900914
-5.279697162967262 7.728511786460332
-5.687343075621998 6.050954690082907
-6.414573094556568 7.609973634804078
-4.859595412733712 5.6631944149494995
-5.537779295870991 6.672946779408613
-5.638657021469665 5.04185048413794
-5.879637768782767 8.520727567485494
-5.521184683857207 6.350647030955141
-6.62610558599585 6.758385201916889
-5.371780227815639 6.734697005388223
-5.336996767884659 8.018674568058106
-5.984950628549846 6.943110940906029
-4.38604004290069 5.294636277008005
-6.480959076444823 6.915708848686608
-7.002173889678084 6.495193815957161
-5.889347003331993 8.13395951066678
-4.886675968152409 8.09655583674527
-6.5827379831510315 7.936109448178689
-4.876942279371871 6.480779215887689
-4.337714787701119 6.02566603213832
-4.775089636930664 5.750261274631813
-5.074730716038811 7.393999395396788
-7.175557671946031 7.273994182489858
-5.9002056147783914 6.480238768032953
-5.113426873182599 5.706397455437749
-5.127971151022432 7.626280806220225
-4.972010847008401 6.5644454044561655
-5.93012480892009 5.558243470079013
-5.762673211243433 7.159416006511139
-5.776235894946008 6.202378891448211
-5.263793808195754 5.464856000618695
-4.645578700237166 6.184460601317019
-6.635288264298113 7.171288481148621
-6.393356977610897 8.076512766575869
-5.573627587074254 6.746475830179129
-6.193105575426181 7.439537564690499
-4.615011080743071 5.284058258105508
-5.479550081070784 5.871494916713247
-4.893371422808488 6.873154520874472
-5.754533021789856 7.607630792968032
-4.744081469409172 5.860973850129485
-6.274233138766942 8.138692792508532
-6.474717340548605 7.692553890934634
-5.304737323223799 7.644063978792401
-7.342213684470567 7.374535180390998
-6.256072250438827 6.675264732893476
-4.076985984985749 7.099137041365285
-6.721470853363292 7.554478230451345
-6.171498631148173 8.672817456965742
-5.153905964263217 5.9777475383910375
-4.788998709155529 4.629484075290432
-4.802057792833406 7.295196954678255
-5.865505285232726 8.110115972714082
-5.726702473392101 7.493529377417511
-6.488673953621565 6.895512276629754
-6.631711853569572 7.341662742434553
-5.372285496560973 5.706397455437749
-4.908229331174145 6.39315282926386
-5.587859294820136 6.4823975980357975
-4.548088281544565 5.4526889220254064
-5.142539940393471 6.231297442148122
-5.230569673655491 6.80698456803956
-5.326363155986898 7.272399277541105
-6.0238525597798045 7.540755135390539
-5.1581015541452855 7.055455548057179
-5.192241661347682 5.567152728754798
-5.373363929829955 8.488724368862673
-5.71597541029516 5.706397455437749
-4.711214903230768 5.283358618762101
-5.702839905681228 6.452616769386016
-5.372285496560973 5.876224759071122
-6.389029828273703 6.257656094112261
-6.201409766854742 6.036645053241044
-6.152011887183871 8.292695676022484
-4.996601279044566 5.9050161490064506
-5.850854910825207 8.16206612155233
-6.045480765261454 7.229106856725974
-5.917438238620868 8.131845307113904
-5.9160842185448415 7.295196954678255
-5.89601577228386 8.028285055056376
-6.328222386624414 6.853994938910144
-5.266838200112229 8.028852966707452
-5.890766838445183 6.492192838978201
-4.089615264878139 4.935834957168824
-5.920369234528138 6.3305868966644745
-5.398119781966649 7.462849071813291
-5.433259908608793 4.85483420096242
-5.920369234528138 7.69321973009041
-6.261153166682955 8.314652176556963
-5.586339045644519 7.159416006511139
-5.275630758266958 6.787128446497563
-5.68594645923969 7.763388198557907
-5.518906356498791 8.421001966625958
-5.077493866175817 6.803173743588862
-6.347196518500447 6.148368333689923
-6.899440980521176 7.370331200970039
-5.138198824083168 6.477255489418824
-5.115447967304222 8.040426409725374
-4.110927005559242 6.333018133874646
-4.912303019302957 6.0648637267995475
-5.9148963749216374 6.822673574453139
-6.055947292476508 7.229221297296823
-4.747429971031499 6.050954690082907
-4.819509938691023 6.945109476873821
-6.172759906348919 6.76480870803654
-4.3308405295461965 5.19305503544223
-5.44776998078969 5.873346198232154
-4.905502027390302 5.294636277008005
-6.269331264307922 8.743533376726381
-5.954554188612551 8.793911159342347
-5.755083416197588 6.960129578835096
-6.150856965327984 7.406453506282755
-4.868520788221261 7.282776821384161
-6.827739291035445 6.141378019254413
-6.218939299376737 6.507212758380199
-5.302313263904825 7.31724866598258
-6.067238216338979 7.439537564690499
-6.47266397726022 6.437457562247995
-5.124413177151862 5.661412011986688
-6.183603069517583 5.706397455437749
-5.364009910869561 4.687111167755145
-5.223777987767476 6.142555008955215
-4.8170197701307735 6.436620428607553
-4.788998709155529 5.672657041323662
-4.859595412733712 6.480779215887689
-5.545943473071946 5.187302990731051
-4.969230183326557 5.748054187613102
-6.0267651600696714 7.350282245285564
-5.04325891766392 7.966215906819293
-6.63937682453798 7.974436799699401
-3.8397091014453943 4.888146281679376
-6.864199648647703 7.142565574557546
-5.763390527066502 6.34373246028965
-5.201826021408982 8.129993927265112
-5.865505285232726 7.72909457026177
-4.0421419403306995 5.3770241004121555
-5.580853450361774 6.6161694551937735
-5.994802849864052 7.998877983872407
-6.012742432017884 8.225602245010831
-6.350433731746415 7.337432168497342
-4.531482154980562 5.298707193881873
-5.917438238620868 8.481882054413202
-5.514739459539996 6.880934514627686
-4.840129693154 7.1524724336475725
-5.745366131624623 6.476267806199593
-6.052307503763441 8.116028542564072
-5.9002056147783914 6.920489500750414
-5.263897994504178 6.329037033315167
-5.827142358738207 7.488456140218341
-4.233762434804078 4.074575444744294
-5.607329479267312 4.787431660557954
-3.803521315915981 5.403256668048155
-6.000190200610558 7.253159104050887
-6.771968343177612 7.909247774630316
-4.711696879048622 4.124987712568023
-4.374518112565232 5.683332781271295
-4.741348175328184 4.27764632573248
-4.489732714766686 5.99622696121507
-5.3015873425345985 7.24495400721698
-4.614723198245658 4.235238192638696
-6.985700693855487 7.355777443778784
-7.040766794945505 6.891789735330376
-5.562950513578223 6.6317978546869325
-4.357946355544673 5.430632081646938
-6.423582396365574 6.502881134603621
-5.925363542606074 7.9319081262420825
-6.0539154291222665 6.848678377282369
-6.405680249580474 8.167122620121038
-5.423057004269009 5.634165942535704
-5.124255808590616 4.809434180486091
-5.640858466280321 6.226326279505212
-5.584138281276518 7.3459060335838915
-5.674760801308355 6.76589116819417
-6.72547678909036 6.533254442228559
-3.8569703495465606 5.946402485268999
-4.988659409615689 7.84896759252705
-6.0171936017546575 5.610826165528798
-5.03158172344746 5.706397455437749
-5.524121023671028 6.4111985850325865
-5.6236563947476155 5.956845383967218
-5.820383959745339 7.5481382197746925
-5.762673211243433 7.855749282495009
-5.924595182842756 7.712592774406853
-5.809129419752796 7.6900289627635114
-5.761652708141758 8.243306646137299
-4.948055246496828 7.099137041365285
-6.173469810873612 7.132128251526609
-6.309956597728087 8.219668190526786
-5.809129419752796 7.044980156647148
-5.415237219933102 6.346827323533805
-4.7898632548863365 6.050954690082907
-5.291631752798047 4.586463420557252
-5.138198824083168 6.103117520956973
-4.230481427160124 6.077501014741882
-5.507002450785709 7.241946135551835
-5.020174473107477 7.36429568226872
-5.725348951529309 6.734311399166132
-5.3449621269358865 4.978023943944154
-6.3985896544743355 7.754006846733254
-4.65924166678205 5.764142755087505
-4.699326287663864 5.300446833455336
-6.023067318590708 8.014753140543021
-6.274233138766942 7.312121836388032
-5.630112796840901 4.12906305504313
-5.704502409460736 7.551109930507395
-5.62350668515848 7.8143339317672975
-6.4340068005966575 8.30338598125584
-5.505377397691122 4.395678806448653
-4.093097411539887 6.1007647971490995
-4.8046954651443095 5.283358618762101
-6.0848181512083634 6.2528330487258605
-5.3636237761760155 8.242638448076338
-5.512233484042755 6.664937676353225
-6.334353641842286 7.208915806449648
-5.512233484042755 6.8234311265115135
-5.016721799828441 5.2079191769356425
-5.795562486889304 6.184992779492296
-5.90856785892848 7.922602824937274
-6.269244035265237 7.202627317483497
-4.682396838378249 7.162207272107482
-5.794407706587418 7.779942288173844
-4.043533918060072 7.379389419573985
-5.7597970953887065 7.878505914288598
-5.674760801308355 6.507174767498986
-5.865505285232726 7.5057704328965
-5.640858466280321 6.9818558507968635
-3.9945389914289535 6.050954690082907
-5.934986619914348 7.149387992937384
-5.564599702594187 4.946574189889011
-5.452969634938514 6.117221045721562
-6.668959945291654 8.481178808328163
-5.7597970953887065 6.671217378288471
-5.124255808590616 6.396672452453876
-4.575708756724809 6.291549906763645
-5.757657710070972 8.13395951066678
-5.245757114484895 5.294636277008005
-4.281871003922075 4.583333267222801
-4.363925359375373 5.10403599449477
-4.9586110246801365 6.238162780642031
-6.277334417582365 7.374535180390998
-4.616022975305963 6.480779215887689
-4.646983349410219 5.218020328663493
-4.318100979105971 5.648929092198204
-5.187409028415232 6.96889857307549
-5.603389232284977 6.321064105742426
-5.493868327028501 7.159416006511139
-4.45390578421571 6.227415502595983
-5.388528571555667 7.668549936111084
-5.8101368653769265 8.480257441768034
-5.187409028415232 6.136669990333832
-5.1896757228905335 6.902901140633141
-6.3676373329260265 6.748551141351403
-5.707070765771097 6.13967517443033
-5.394345464351267 6.709509211051743
-5.795562486889304 7.326397762521512
-4.802677936279024 6.566745727284882
-5.461332597150338 5.695324013489191
-4.823618100478884 4.206778846122725
-4.987158475200737 5.910513191036324
-5.519834949849662 6.983231977998946
-5.086950765197911 5.5113400266798545
-6.135932455907648 6.864920366075527
-5.017129028249659 8.755726572371664
-4.958453726000785 6.821928463280227
-6.1971998270759405 6.739718669154832
-5.920369234528138 7.066107616197865
-5.181658398587287 6.4588133052118355
-4.273409091594747 4.604408450154775
-6.172759906348919 6.392443275252697
-7.436120780239966 7.971541710197299
-6.252825345797341 7.039416715021048
-5.609984868985313 5.744182506757854
-5.873355037990527 5.3770241004121555
-4.088331945021771 4.465051109229539
-5.60829995645546 7.563907140566162
-4.823618100478884 5.04185048413794
-4.919957158080881 7.295218373789236
-5.672528613731375 7.681856576583026
-5.218429217636473 6.6633431413522874
-5.785214147674692 7.900917537922958
-6.102624877669395 6.7231768964782574
-3.927359139345336 4.661133758355037
-5.201395254810777 7.422263428443577
-5.335299483280528 7.5098101853640955
-7.181808288804274 7.374535180390998
-5.231695159269316 6.295358596103371
-4.969328554528398 6.979674579054816
-5.561892485411843 5.637975303347021
-5.011394225808679 5.021668814367125
-5.018181151524491 6.796994580659941
-5.677246592948443 7.313476167485407
-4.520647094198644 4.927439594341134
-5.1360139551369475 6.740255227966178
-6.677140082678556 7.8103290490404795
-4.604764516654342 6.2105592908345475
-5.930733037570838 6.664937676353225
-5.347412531652441 8.465182759301236
-6.63528846297336 7.338530546096714
-5.140167621854755 7.303704898867478
-6.815426944387249 6.660191632470277
-5.177827709761507 7.517937771360158
-4.937284658752331 7.6661321841811425
-6.090673290403854 7.12570819659263
-5.138198824083168 6.740255227966178
-4.6099559266512875 5.331540817643463
-4.937433458342009 7.692612374367088
-5.920369234528138 7.728687214384119
-5.674760801308355 6.5041832503886
-6.373822880681455 7.863155137289231
-5.2128599929609845 7.419660864965692
-5.301651681679547 5.88918276482455
-5.8514118979463055 5.569950989131291
-5.793128076008502 6.281702068087913
-4.482373038227255 5.227793912844518
-5.128711790321445 6.469946045800899
-5.9002056147783914 7.386866534810396
-5.879741701879351 6.548748636916936
-5.83598393385758 7.135144891724453
-4.26479004065708 5.142010516429219
-6.347333928717731 8.0491425634883
-5.603389232284977 7.817407675997437
-5.902093341821798 7.6642220512985375
-4.943144966328549 7.341662742434553
-5.96214233192153 7.032967811902424
-6.194088106341866 8.334169578436484
-5.263897994504178 7.900760256790338
-6.053432493799435 7.519782111859039
-5.920369234528138 7.947494945638126
-6.0848181512083634 7.013700588295383
-4.8971832772913135 7.295196954678255
-4.4122788365319225 5.7237567794926045
-6.763356314474925 7.085846750129207
-5.7597970953887065 6.9483846428872384
-6.821060631158135 6.3778817444453
-6.291801931938012 6.4832829776190435
-5.409802503044056 5.918465430410289
-6.1054203745920095 7.545295344069591
-5.584113736047183 6.8868405155589825
-5.250746688013463 6.611426528520145
-5.221338390752641 4.669071867048465
-4.882760928053508 6.672905393883116
-4.744081469409172 5.231966925047264
-5.814158250256712 6.520465576445448
-5.246550052930831 6.289235578466457
-6.675582960682153 7.386866534810396
-4.635539936932334 6.050954690082907
-5.9002056147783914 6.468178502460849
-5.161876421880007 6.643208824265826
-6.215515786755588 5.981047461315991
-4.634682715424841 7.662112132441751
-5.508104856209428 7.259521257474997
-6.164720694851896 7.295196954678255
-5.7533556639104955 7.2180553270233645
-6.430855095949584 7.270640782595832
-5.865505285232726 7.341662742434553
-4.72567345479247 6.770322419059241
-4.421344963612728 5.956657924604153
-5.042589465655478 6.917097007312756
-6.893757885086476 8.186813865190327
-5.9002056147783914 7.288753383827073
-5.335332581643161 5.768817488099838
-5.741387792486787 7.16421898010856
-4.532386908939003 5.275646085091699
-5.369983818455075 7.637882156331221
