500
-62.1624295221773 78.33279099555764
-71.97548119672481 80.97656376009813
-52.58510485506029 85.3258267454804
-70.03127604993001 76.30280390761635
-57.561462085416736 84.95898952603088
-54.62429148802135 89.26617986572435
-53.07332866725212 77.82620642405459
-65.47428879144698 74.99419667715121
-54.69846630031108 87.51496163461435
-61.899339015885396 77.48146580876256
-56.43725452510459 87.69345684394017
-57.71072076453687 87.00827620603332
-53.604506899035535 84.05410344102945
-67.73077170825606 73.51393337011805
-66.97780513412057 75.37732328713156
-49.91084663591019 79.67758974676168
-65.70019661638351 82.01816431304871
-59.32888786562225 82.48720092763564
-62.29119607179982 75.47649135228274
-67.85031556795208 73.72903570947354
-62.543948361338224 78.27171617593078
-65.31795613495 76.7233615486771
-58.206944085957566 87.84835073282285
-70.09990120081714 77.0092588688881
-66.57422670380109 76.7779760105303
-64.08908887473554 74.03844533059501
-57.4590247107703 88.27143691554967
-70.8146226581081 82.00610247748162
-62.82872910443041 74.15823947154635
-68.62970755705759 77.56266984038524
-71.12760286129671 79.78373457957001
-71.48972065400113 76.51203247085803
-59.41312569575834 84.41966355737168
-71.4833747035161 76.82568111374327
-57.45374443305274 83.92011993865577
-59.56593212179719 80.91331469176116
-60.53144054336571 83.466237362022
-49.98824917877349 80.18930744284214
-55.33179811269373 87.46097347973928
-67.05614336853283 76.51162433357723
-56.485149873827936 87.9263415352386
-72.4379149815138 76.84166926818247
-66.86971802081138 76.81785102841584
-55.41112620030851 88.15143778552836
-73.798360622067 78.26169052040032
-74.55040627800669 77.84319589737248
-71.7169635072588 80.57206880556622
-50.40406138569622 80.18930744284214
-65.08012247035072 76.92161412171906
-61.2124784543523 76.81478372147998
-65.7237183862538 77.6577767145508
-62.87586258467994 76.4043012969741
-67.50091903695919 80.2151527255981
-69.59648218227314 74.41390096040053
-56.1279235728201 88.17516461734718
-69.59648218227314 74.27896376108538
-60.85087043957359 82.84955088439337
-54.63882352206672 88.57601388003562
-66.12341397565119 72.69060221637089
-67.40483092040851 79.13757565303962
-70.56927222527649 77.42251027751533
-52.98984708343054 86.46515544491982
-67.84812839397895 80.12494362627224
-70.01816035866118 82.48809212529127
-66.93454303491566 72.39215155419893
-66.35993591521377 74.71362248118615
-60.46558820147312 83.8710445995447
-60.908477140185305 77.83245081265642
-65.82314546932693 81.07951240987408
-55.929875938858764 89.26617986572435
-70.10714608918524 75.823612852681
-66.2983963606581 74.57939702343756
-70.77308811906117 76.28733268502027
-65.03472925877605 75.74604616430715
-67.91282373532437 77.22712712161207
-71.2339161214488 76.68042835343893
-61.585409043157 78.33279099555764
-70.54270575772571 75.36062452981295
-64.97923833550833 74.99419667715121
-71.24101171132972 81.56888630230641
-55.92092951051161 89.79009156994455
-57.64008544797328 83.75309800798195
-66.16975520051238 74.57939702343756
-56.01867890577909 88.63478818325783
-60.53144054336571 84.04016586646529
-67.93387241024689 75.97053330067509
-55.86256447586787 88.66275321315604
-57.97117922838116 86.73727203985305
-65.8216773257398 78.06858180586742
-65.04432431031816 74.45875916734038
-67.47155461774868 76.24770283262897
-64.51988834287312 75.9913816982387
-63.650620811134374 77.2895528420702
-53.160589692443615 86.45176309023427
-62.37769210759157 78.72870290640792
-59.84636333659632 83.32471374399358
-67.73922734574333 76.63470795887011
-55.323882737577755 87.03008229046873
-57.94607599235712 87.49050568155226
-67.34619195387124 79.82893759907431
-58.73195997966552 85.25851126092829
-58.25154131411114 88.61330619500023
-65.12306894424444 78.3464842225447
-71.05088781177551 81.70760710045656
-57.889869196943536 85.05685350647387
-60.00863308251403 82.751263704347
-58.45702426210169 82.11582816004741
-68.04467506813593 80.18954133446178
-66.91744712939268 78.71657326803152
-60.83858989119047 78.03205086738173
-55.268600933290614 89.74226949008973
-67.21000055907005 76.0188741211704
-72.19548077043986 76.0829929348103
-61.952515467800794 75.09433092277416
-67.3617130903209 75.92918608649921
-69.95885686897743 79.13774008505493
-68.62970755705759 76.276805253193
-55.01215007067835 74.21624765366428
-53.29732919434529 85.56294389721597
-67.4950528231317 75.8102050524098
-57.51177857110333 87.34348776889517
-68.05295254802586 79.2516312042845
-66.30680040838133 78.21324162821723
-53.883800656685736 84.82065910754523
-65.77454804260297 76.7344538301773
-59.45711929373535 75.6548941098886
-56.4253852040506 88.05514419345107
-62.183650782947225 75.46380506498245
-68.98858111569207 74.04169112991242
-54.40947612471676 83.40431110618538
-58.799321266038916 82.35416800078043
-62.166995956221356 79.2027653373466
-56.10808797171941 73.82719103527691
-60.45912053741252 82.46987972421243
-67.76778212208532 75.53007165496558
-67.61428016272933 78.51785140856981
-63.48709445273813 74.1861562354121
-61.41832603888152 83.56353881115874
-57.260484692943564 84.56002219647578
-64.11838792161433 77.13420480296378
-68.59941705138692 76.5890932673653
-68.04467506813593 80.31364419002894
-69.09322527649623 79.2516312042845
-74.95655785815325 78.05282753295089
-59.89888716854179 77.00871665693079
-55.52129093335527 88.21802351647007
-74.0929013657092 78.05881335729458
-70.01816035866118 82.00610247748162
-53.25120315177075 76.71231966731236
-62.7352790189507 74.73879507561766
-57.889869196943536 84.45484117486275
-60.962088295639326 82.3050796669929
-68.62970755705759 77.55096914502475
-58.72174287910547 75.31929375697328
-64.59679351604805 81.39769762882034
-55.67906698993299 73.71470471090213
-63.85310067707755 76.49352297501731
-52.763666323683125 84.59768069860831
-55.120447347087655 89.26617986572435
-68.53005332335404 77.2479845361088
-53.013595188702844 84.85000623859962
-54.12254220522252 89.87426913048151
-59.60007127365088 82.84181801186688
-69.00290645633999 77.97131498422695
-63.63651901189756 74.1861562354121
-59.6474085512226 83.4072686320186
-65.92439355476489 78.9828004695149
-71.012611551241 76.8738631770993
-63.91940764753288 77.49951864195764
-60.299626978885726 77.36682068642902
-65.58300950688849 80.81395452782981
-62.181979090118766 75.74851498855408
-54.75842258598775 77.73907807965027
-70.52534307925703 79.59565494397718
-53.13217006830005 85.56294389721597
-51.04382611949727 79.80239822002997
-71.12760286129671 80.54568019266335
-55.36415557535177 89.99608653891546
-67.06137887692205 76.33568901823375
-65.62054076484114 77.21803217894093
-58.834652362287585 81.65686273564405
-59.572815819323246 81.83391875314189
-64.06596916140214 73.73191048824114
-57.889869196943536 84.45484117486275
-59.37268668734627 75.6548941098886
-50.40406138569622 79.75891310141226
-58.606998161804455 84.1291433901735
-64.25936471460442 77.75020670435472
-63.959107308950216 75.17997228547327
-58.9074114148331 81.08384109539126
-53.52298659402804 84.0690531092053
-63.458721501409336 78.61940557787156
-64.34272842388064 73.96191354584319
-62.6732842260303 75.84433375879436
-68.03538233569839 78.6338138637334
-69.18446958370804 75.33151650875847
-67.47155461774868 75.59791329329508
-56.005082636389815 88.85785714997925
-67.3322037419303 74.96636995249325
-67.77459507986391 80.3779662603587
-64.47696526024593 74.8334971902485
-70.6210445097145 75.90470167292503
-69.94744378590406 82.00610247748162
-60.00863308251403 83.00606332892518
-64.04716915498963 78.25408943260365
-63.08551341021425 75.71294070831532
-69.53295742157272 76.50316302173394
-60.261654394152856 83.49421110312755
-50.663142602567554 80.18930744284214
-69.9376251434743 75.66901515465278
-56.93304867466552 73.57313882665784
-50.16806814088648 79.28938335085714
-70.22186776033692 74.6879404410359
-57.61051188580483 85.0757434822616
-71.6634686725069 81.67529502910534
-55.56213737731264 88.66609374714479
-70.90661243499318 75.4754099337656
-63.151922813120315 78.78436950014725
-50.40406138569622 79.19702933833011
-68.95988422559368 77.15096267037934
-59.70774534134127 77.36682068642902
-54.4215950100313 83.43907615646012
-65.19357665463022 77.75429538784215
-57.18829124697037 84.99800060228128
-70.72125237969644 79.13907490888607
-67.44078295127406 79.13757565303962
-56.38524150238525 87.35570929855194
-70.19302817688407 75.86893529391514
-70.90716914864643 78.79959418802308
-57.82175760759195 83.92030133331487
-65.17780268376984 76.37738197836735
-55.120447347087655 90.0675813050005
-56.61285415093509 88.27143691554967
-58.33497979440869 76.20865966143998
-64.23730497378757 73.71470187582014
-53.5574055299591 83.97528266794157
-56.282562432331886 88.4928973803733
-67.40416793766805 72.57409651076145
-58.82499327283413 75.4327453140395
-60.0627349256175 77.4388745288771
-56.884319754155136 88.32918595305766
-56.49949360286615 88.6235656101712
-67.05670853534114 74.83303956780021
-55.21590071154916 88.59814185914057
-63.32648245388721 76.69693966840907
-65.63587927420639 77.92070433606345
-54.93070257613751 84.53387180487495
-68.73574027643316 78.9911728586777
-70.0671268403763 76.13375144280555
-71.01603924925539 82.00610247748162
-64.06706803074506 74.32995937927502
-70.80882088435389 75.90813775933213
-55.54165447177824 74.78846596631574
-55.64694509601812 88.70408490606859
-55.40807795450081 87.75807432746907
-67.63419613571786 78.7325054836042
-67.91282373532437 76.5890932673653
-70.41063454576927 79.5366701717397
-69.02038458856917 81.28598316715318
-68.56667882338881 78.54234128549423
-74.16798594554933 78.16302760638017
-72.07569182051405 75.87111285495303
-69.73284490409611 76.07463539959234
-57.624059662402914 87.25859481781407
-67.44590355532964 76.5890932673653
-68.82965363497338 76.17575083333027
-69.40428234118899 78.499262127543
-72.31111067772345 75.83225498579628
-70.90613405662694 76.740579092412
-53.96866536000736 77.34067610970763
-70.70611945339307 79.08851432783005
-66.75468841095366 75.89287119792753
-62.29119607179982 75.88403244061708
-64.45462860320642 73.59198179115008
-72.2177643985473 76.84166926818247
-68.04025907160626 77.45797112342149
-70.01816035866118 82.38738363042019
-63.04352175518238 73.63307266730061
-62.55773002305693 78.41209200130879
-69.66712084049946 75.92973434919496
-66.73524603839927 75.47664239536692
-54.975573165663405 90.01997362505978
-57.51815253206488 84.45484117486275
-71.15016806726005 80.5704522690451
-62.277380427040185 77.98484710103784
-63.971536640906265 74.58010001879308
-66.90752320238167 78.21324162821723
-55.94134358670896 87.90860599027577
-66.83520310572067 74.1763303331223
-56.472178840134056 88.49518521035122
-57.64001587317804 88.27143691554967
-60.75451207759459 83.06077365663697
-68.4798381144901 79.6503978054249
-68.42455302076603 78.58965137276684
-63.6572981846001 79.35191207117762
-60.00863308251403 83.19752971579989
-71.57762706494611 77.1768009466982
-53.30952699901726 76.37408660296947
-64.8938873007312 74.04797704750735
-64.79529404037889 75.0363622852185
-69.00568555699942 74.5161831500496
-70.38179116559229 75.98377635429118
-64.24256470661986 74.1861562354121
-65.0131908843637 75.07664956573291
-66.89065828210644 79.13757565303962
-67.06909733405517 75.64978079303103
-71.61498504599012 80.4900968451342
-62.6818184081121 79.27678811516054
-68.79894310291836 75.90589913718362
-64.04724209651172 78.7351226517016
-62.29705025408449 78.33279099555764
-54.972746757353704 83.56012900852234
-52.49361793389982 85.44019347044821
-59.40746178197068 74.8522112195158
-69.9375775421011 80.27555924713448
-68.67266524451915 79.00543230480736
-57.950703712757964 87.58642335722017
-60.00863308251403 82.92811871886741
-71.06635843632937 79.4572172167891
-66.91813776762085 75.19441163077148
-58.5634359088835 84.48538210576031
-63.48709445273813 74.1861562354121
-56.039842968650326 88.60061263404411
-64.08908887473554 74.19441914532415
-54.21676429470215 89.26617986572435
-58.389586533249464 81.83391875314189
-64.85935737072566 74.19334326282332
-70.59201595315578 76.59835519977763
-66.53470722712437 74.91820060776043
-65.62253085208916 81.33702552668726
-67.40483092040851 79.9372749332205
-74.49595014742343 78.65204718604993
-53.6155624680284 83.45553534931719
-64.36987130115064 77.13420480296378
-71.20502424538006 79.60801744907205
-54.25258224872746 89.26617986572435
-74.37019246987192 79.42336693107472
-70.30571765044428 81.00655471347696
-63.11979857092993 74.06843891603363
-56.416116580230025 88.53119740417986
-70.57392139884156 78.94926226791937
-59.755935601719194 81.57949848613548
-59.1557974530888 81.83005769841796
-69.80759172470171 75.70013933112023
-56.126217354900135 89.95265999153567
-71.23199377035557 79.4572172167891
-60.37310038028848 82.751263704347
-67.5644761791152 79.2516312042845
-67.31178444899157 79.7612922352324
-69.57640773017823 82.00610247748162
-58.392255881684974 84.43879437121399
-59.058080772905015 75.6548941098886
-66.07037512229425 73.91639513294737
-72.74020956055338 77.54065238298686
-69.25530768362775 77.15096267037934
-56.76600720503091 75.20187051775201
-66.75468841095366 74.92017448845442
-70.80912112621387 76.0829929348103
-50.955922070991406 80.53689948405369
-54.09891615374581 76.74941943930445
-71.32426194912408 80.4132650054603
-65.08503558650457 76.57763786462361
-68.39033144900769 76.63615308680208
-65.07465679816607 77.04296812905453
-59.64858909264962 74.86868827159988
-70.69756152119415 81.9609396107348
-62.29119607179982 76.43413557832271
-69.39555883887773 74.81105509819487
-55.501339720251124 88.10552599867906
-56.08064334773538 89.21407549168997
-67.3582402382757 73.27461557986564
-70.92302869765601 79.4572172167891
-66.4680580895399 73.20606663382091
-66.72780784958096 73.88078009801544
-64.69044051491659 74.47493764224143
-69.73174801554676 73.57765022831161
-68.08181824831647 79.76442017616286
-56.800036332462 89.20833995807963
-54.25606071546666 77.34067610970763
-66.87668631873971 78.59831932070092
-66.72634494669897 73.92935575614524
-59.02285861138226 83.42817108408529
-60.043325454406364 82.842684148469
-67.71509435024875 76.51162433357723
-55.98185869457848 74.25308213852682
-59.861361030771505 82.751263704347
-68.04467506813593 80.66614033762443
-56.743878155128165 87.46963402041273
-72.11065639154636 76.65592416274562
-71.0373950429625 76.98355186784582
-71.20374977352753 75.98377635429118
-63.642513093497556 74.89056817100101
-68.48863079239457 79.09805266709233
-64.56243203498506 81.65283019392355
-66.98003575956662 74.2842048711768
-68.93634149219154 73.70962114664437
-71.11193668930498 81.84499764731576
-70.03127604993001 76.19817023361811
-64.48259103677931 74.11320343544925
-53.03323795506191 76.90813306142421
-62.29119607179982 75.99730808779263
-65.55115148726833 81.18817601766786
-56.141219112780774 88.44613639782992
-69.39774378808723 76.35998850819284
-58.72174287910547 76.28797421275203
-71.69159790114298 77.5512127417102
-70.0364250136486 75.40141288975494
-56.472178840134056 89.28150912914846
-74.49595014742343 77.69997389141928
-64.9704234847334 77.88249330723994
-56.386740466699344 87.96020443997735
-53.17561318393878 84.2320109011897
-64.44023193829898 77.04296812905453
-63.25066880215159 78.61940557787156
-56.781954550439195 73.54178259357978
-65.5569620370238 80.96906504992103
-72.07569182051405 76.84166926818247
-66.73027126244973 78.36720893743149
-58.117464141212146 84.30595934735517
-62.27853192737701 78.54643713203771
-58.44404332973722 81.82620382664628
-73.52815894423667 78.93234250863384
-70.63225058417102 80.72167097834529
-69.85209139084067 77.35865918611154
-64.74280565984282 76.65576866579316
-55.12575845876712 89.04251038415431
-66.81887326458917 73.43301913617255
-70.01816035866118 81.80076284314181
-70.0344526300425 79.7251836766832
-64.11838792161433 76.79329412417977
-69.71175508186847 76.42679901339902
-68.42624997918782 78.96247971629894
-71.4725994222056 80.18942364679427
-60.908624904038724 76.70456593304097
-64.85482493599534 77.46693862845817
-63.64761906255466 78.39974066544895
-53.40209042283274 85.56294389721597
-55.698175026770556 87.43638426752413
-56.1279235728201 88.10794325568257
-70.96871210225535 77.75751343337048
-67.25985313336204 78.13497407942512
-70.47718856534459 80.73706201004329
-67.58478809311407 78.92012306556644
-67.70598291590449 78.78881166776752
-61.24344026545165 78.31021674402814
-70.73056911036399 76.92699843382138
-71.87856370141519 80.08839030286737
-56.95370475973011 88.17291783457229
-65.0437419198788 82.05091464992648
-65.72910811321631 74.02574382733404
-54.09457936555513 83.78663400106277
-60.35433210386934 76.37989289101817
-69.94923594161467 76.86990423467404
-58.96375138061508 84.16152719936471
-71.45937025188398 76.97896969723547
-67.97621360278535 77.15096267037934
-65.19357665463022 77.04296812905453
-71.01742601773778 81.91878907079722
-56.472178840134056 89.41771487150609
-53.22585840432267 76.38940067966638
-65.14235543634196 76.97192540931073
-55.32403300695975 73.98494004755783
-73.79555893548907 78.69659791261712
-64.88775466991117 80.88576156082807
-58.416191772693196 85.05905340323062
-67.82004694439166 77.20346459207762
-64.64296632266412 77.5982975913975
-55.97474233362629 87.75807432746907
-67.05061517882196 78.21324162821723
-66.85664687649974 73.27461557986564
-70.9177115614122 76.0829929348103
-67.31550548759058 74.80254123466477
-66.00506655993385 73.59756751050621
-71.14477762240963 76.62101409054725
-56.443568653961904 88.27143691554967
-62.909357018845036 79.05176042204194
-58.72174287910547 76.17480474749475
-71.48842828039328 76.84166926818247
-63.91155000266057 79.01698421159468
-70.53026471157777 76.86990423467404
-67.22936096034435 76.03312959328454
-66.34305477906274 77.63862157904887
-50.51499178158657 79.9997319107868
-58.56215832079301 87.09281696044279
-60.25305250402702 76.8115354561126
-68.62244420639082 79.63522407695548
-64.78515977599918 76.57145102981187
-63.92880059625189 77.1758297818083
-71.94057870085555 75.57575119696673
-55.330872709475805 87.3967495783423
-64.15771670081833 76.90341437938253
-57.13115343524535 88.57191043021834
-55.311212144732046 86.8248672063536
-70.16044865703866 74.85005753894467
-55.31611449952049 88.10794325568257
-57.3382508596951 88.27143691554967
-56.743878155128165 89.24690852865656
-55.682841175891554 73.24629082755057
-53.47557098144555 76.59450739660704
-58.23149810664142 87.6861135221061
