50
6.177287421982607 4.2774716371034645
8.73526363075411 3.3291646697750195
7.271876309028416 4.400403309721102
0.9023570407124675 6.067307746336559
10.017351999635071 3.7423661246006867
6.287184499104892 5.30501113593417
6.728115401299924 4.8061203883734045
2.973900288123664 6.913294440533534
0.22998201160629872 6.220758406894538
6.324812231424422 5.139552783500781
9.927520849282201 4.392127636342723
3.583533387817314 6.5631816741381765
9.691584932033733 2.9425366176406067
9.691584932033733 2.9222060059639965
6.628404583704051 4.456759559332784
3.2914123855420025 10.107032317902188
0.9264532036482589 5.3097370490193185
3.059283861101195 9.40792913901892
-0.7290036099719535 6.641949630143763
2.90786062029198 10.107032317902188
0.6094160720372959 6.8113707245083965
0.15883551578292732 5.95007566925471
3.632836233077445 5.732009514494145
3.175425589447136 9.747094051501747
5.639063509864018 4.456759559332784
9.691584932033733 3.574872580806545
3.0408013361909285 10.417108544888928
-0.03393766585303126 6.95640605620688
2.955742650651505 10.10205900818872
2.0678767468862307 5.936819355808616
2.1350828521175718 5.936819355808616
3.4348020521293323 10.083869879198565
10.647716805176287 4.643984172123862
-0.3400259562416381 6.6342309835229365
0.5037510292254093 6.454563034353442
3.914295173748184 5.936819355808616
2.973900288123664 5.028590787638729
2.7636913639548175 5.634632238862935
2.935054426275786 5.936819355808616
3.175425589447136 10.701132467252648
9.59739449828214 3.949437878081434
9.124651830277351 3.7423661246006867
10.049482761219688 4.075272867377847
5.495417420976459 4.456759559332784
3.175425589447136 10.107032317902188
2.583374618678868 10.335926217488957
3.1159471921397657 6.324717967415144
0.5820246856538152 6.220758406894538
6.2896750310326075 4.709257574548301
6.405731693025987 4.619947616992218
