500
0.5302981625987648 1.6862533794911863
-0.573681564016093 0.03934695519036158
0.5499889760267997 2.041006794309804
0.5118923849905501 1.3286408483880352
0.22984163511745298 0.6318130928177617
0.34344883444443525 2.067020274699706
0.46230407797538553 1.0784716110420425
0.22984163511745298 0.2897560677311801
-0.37764078793130884 1.5418280000353521
-0.03617019690030143 0.6226497012418934
1.252136276247272 -0.241995956779129
-0.41474599074101476 0.39708982175385255
-0.39364517762746565 1.0915698463732602
0.22984163511745298 1.9758207437477218
0.753523985136003 0.8994464605455941
1.2294741644705436 2.0348151598800954
0.9322135036464392 1.3376729577404178
0.22693448162304927 0.8994464605455941
0.36560591709268775 -0.18946058115004427
0.1851041333494635 1.2883986028889645
0.03178562931779072 0.05843696179902036
0.23693140995860884 1.248285618896873
1.0775311010186026 0.6496731827711044
0.5689998716585132 1.9419863850051857
-0.4385187012072381 1.831111916095204
0.22984163511745298 1.9624010933780125
0.5689998716585132 0.7446514877370851
0.20936103753321822 0.14512342344677176
0.36560591709268775 0.5884124710246679
1.2802986324830998 2.301774792219958
0.36560591709268775 0.13124317314078038
0.5689998716585132 0.40344448871454675
0.4015679642197176 1.4303553483647393
-0.02212523778911915 0.8203219837837761
1.0591251763558889 1.9271440762280883
0.3099943343642213 1.892028071185606
-0.05062503963864576 0.8994464605455941
0.23096395262216185 1.8129514338082693
0.8704571271574411 0.5455409188513076
-0.10940708991542136 0.9585752320637693
0.44891316034547013 0.25115295206919486
0.36560591709268775 1.57129818901835
1.4591198115496657 1.4818443326758104
0.36560591709268775 -0.3114079150439615
0.0011232193577187244 1.3628454851816252
0.025672168186575695 1.3286408483880352
0.22984163511745298 1.0985406176809847
-0.31125966467069266 0.6226497012418934
0.46230407797538553 0.14491254916001783
0.774705101118121 1.0125886765163767
-0.31949725137501106 0.17221860745897621
0.8676342298984077 1.248858513196365
0.5689998716585132 0.33160314529438617
0.2272162603647304 0.3933497161750914
1.4385679963462028 1.4524047693502697
0.6872071493923455 1.0985406176809847
1.3136068152552105 0.9683807054989815
0.46230407797538553 0.9378812958958138
-0.4029179477941438 1.8392735260009296
0.22984163511745298 1.651786507936586
0.35250728739740445 1.2955835713573527
0.9768707010022076 0.24238646481567838
-0.1682003534790158 1.3615333537274035
0.5689998716585132 0.561329282897933
0.4701374303880933 0.6615050596402055
0.3563767543865748 0.8097433382871826
0.37882056046371204 0.9378812958958138
0.9827537141004916 1.2119662513817464
0.2277715601330914 0.7544595884756586
0.8759100598779269 1.561264757191282
0.2272162603647304 0.6344421400900528
0.8338588832918048 0.3893549189793928
0.22984163511745298 1.0985406176809847
0.46230407797538553 0.5340099677024635
-0.20020480134423768 0.0025597065032212374
0.7213776546164701 0.962814563551162
0.036593596119818356 0.14570291947753589
-0.20074601173393308 0.26636136496837226
-0.09899344469534066 1.3689977823932984
-0.28204257973526947 0.3939006102128175
0.46230407797538553 0.8962841363673597
0.36560591709268775 0.7970146149736652
0.5689998716585132 1.7571198465646605
-0.6231362915653489 0.6226497012418934
0.9834021071739847 0.824965207321749
0.22984163511745298 1.3529948822171718
0.5650534490075794 -0.17232314989631115
0.9755765737545357 1.0985406176809847
-0.12870974498725252 0.884104501147537
-0.7458683456418453 1.1022534634704493
0.923454911391618 2.2935762135107867
0.7226150294489679 1.2884817209923842
0.7695451092428685 1.9269809061148748
1.1214013095503086 2.0423552665940305
1.3358745921796478 0.7407575980168861
-0.4524683055705985 0.9378812958958138
1.2651892950764387 0.6843607519126949
0.2272162603647304 0.8304778706971283
-0.10644873558748125 1.3286408483880352
-0.2696193506690996 0.6725839356987207
0.35579077759075445 0.6087357520932237
-0.04816389742256577 0.652555495510234
1.3444020983620544 1.4470467661167226
-0.00232818113027089 1.3286408483880352
0.46230407797538553 0.08491918500798734
0.46230407797538553 1.2156026015262091
0.5074691076216609 0.07626568829156422
0.7674633049300337 0.8034993146133083
0.22984163511745298 0.4037964131773142
-0.3523401037966345 0.6226497012418934
0.46230407797538553 1.4049571785624853
0.5689998716585132 1.3286408483880352
0.5037936980021394 1.3286408483880352
0.22984163511745298 1.0621797665886563
-0.1464452242353192 1.4218045316598094
-0.3826253780487663 0.9378812958958138
0.30794984095351063 0.6226497012418934
-0.523619069923014 -0.02173255593973633
0.33239363391724264 0.9186796483896851
0.2631960225201368 1.2439049218185565
0.3990023916800559 0.6554719189165727
0.13988181149817533 1.0160171247564795
-0.11306138109665645 1.510704266045687
0.2272162603647304 0.8994464605455941
0.2272162603647304 0.5029348461995164
-0.22854856888638775 1.3286408483880352
0.22436916932517326 1.0588467055326833
0.5609257593327244 0.6617950590324886
0.46230407797538553 1.6333685720769533
-0.033552213155937594 0.13159597522513633
-0.39135530051077416 0.8844875089323874
0.029530608409260584 0.8775655160212812
0.4425900865570608 0.13309812734463744
1.337218462887204 2.20709367463295
0.22984163511745298 1.0985406176809847
0.36560591709268775 0.6226497012418934
0.22984163511745298 0.476200152790466
-0.032269784422312986 0.13384522715988334
1.263731085253052 0.3618934335356172
1.3623526291388122 1.1271977768545476
0.8644840054869394 -0.30188361534024777
0.46230407797538553 0.9785256145167407
0.9310891171396013 1.5250795024161268
-0.15396919542871368 0.6226497012418934
-0.4254216192927087 1.7061286643069355
0.6353826386703486 0.5883937403439297
0.40082405073786265 0.6226497012418934
-0.05970337349659599 1.0985406176809847
-0.6116820164272639 0.11207143806013153
0.32744846877967415 -0.12729882946233295
1.060977051269055 0.42907435681501016
0.4338085349952606 1.4528009072943013
0.8717806858124539 1.0985406176809847
0.2199208077335777 1.821988609160021
0.5689998716585132 0.9926726922368792
0.45057783811065677 1.0204463100318104
-0.33015134138284696 0.9378812958958138
-0.01148071381680174 1.14241070847848
0.46230407797538553 0.4147134175595477
0.025101272125715723 1.0985406176809847
1.1812707826838824 1.019236564911738
-0.2918223125773973 1.3286408483880352
1.2051812957570256 1.5050190793396896
0.7346646601748678 -0.07883990249509054
1.4022444981511921 1.1245065171009776
0.5324665614474433 1.3201322713418253
0.5689998716585132 1.3286408483880352
0.7589878419989465 0.41321476800995316
0.03526456742837425 1.6205780142817658
1.4378020697082983 0.5035462459919684
0.5738770710335002 0.07645076548393037
0.6283513222140694 0.05030150775340858
-0.16398818046566954 0.6651591902061218
1.4162105595104386 0.9378812958958138
-0.0372091125667709 1.282710034016148
0.5172118749529069 1.2816281024920737
1.29300990633815 1.7372893557221145
0.46230407797538553 0.06953737400339066
0.8493596364780402 0.6226497012418934
1.0452713345634015 0.29047294864585904
1.1743264379210556 1.3286408483880352
0.5689998716585132 1.9120860105608208
-0.003472041066667597 1.8723909881568794
0.2272162603647304 1.8380545438503433
0.46230407797538553 1.7193395967245284
1.016449463683306 1.6883064621884751
0.22984163511745298 1.5094989718231544
0.36580011169897775 0.38032262034796704
0.5689998716585132 1.7596848998626256
1.5014287736016747 2.202286149909502
0.5689998716585132 1.3286408483880352
-0.7608163734193427 1.0907786390453098
1.1748275043768472 0.3266338427526463
-0.31361053318050214 1.839536552137121
-0.3232840018439007 1.0971184245593548
-0.532334013323543 0.22172076737373936
-0.1487488286785994 0.4795781127573582
0.5689998716585132 1.8489081715799016
0.22984163511745298 0.8232691901027487
-0.05597582468193091 1.1133158573802826
0.7430778357002605 1.8477966688930627
1.5495167656306932 1.6500628388381964
0.31655791538726413 1.2241037419019585
-0.4751055658672821 1.1216129027687043
0.060873785953466875 1.0985406176809847
-0.092043971298473 1.723730659648718
1.0439754024460894 0.23744084469645999
-0.1663499806168054 0.05658451885759108
-0.5025680008091609 0.9785513628297604
0.032868441047797736 2.050521278265281
0.2272162603647304 1.2918908278904602
-0.09593979256271545 0.8403230110530788
0.30091687357982866 0.6226497012418934
0.5478731800480234 1.4932959782528246
-0.23847182608243744 0.022724371499081686
1.2583032410440815 0.3579899342204764
0.4085950775088118 0.9313540867666059
0.23269851296313004 1.567297492858949
0.010383802957014326 0.4809768139007671
-0.5837616702553186 0.4719894285279196
0.5689998716585132 0.5244635691154846
1.125147645688146 1.1369455968437718
0.9566227969683316 0.3765669399346576
0.46230407797538553 0.6454191822528785
0.19877889042037555 0.2915793952034409
0.2272162603647304 0.9154786443260892
0.36560591709268775 1.6190524584569708
-0.28807480681510866 0.63705398716897
-0.04481126474711661 0.9536907187913317
0.46230407797538553 0.05436293942191539
1.2938669482309928 0.32873922633002217
0.22792445535068517 0.9378812958958138
0.35356973102353284 1.4317094416133864
0.9510668170756953 0.10529311326765467
-0.4430651928661197 1.302070690286998
-0.24633255557151545 1.2878239543179621
-0.3276363639218324 1.7225216651549702
1.4303974777560962 1.7926505871796512
0.46230407797538553 0.9378812958958138
0.46230407797538553 1.2980020298660688
0.843096507746777 1.8043058156813145
0.2272162603647304 0.24248105896639705
0.3839733256880852 1.6573704636889819
-0.4973727770494065 1.7132319458582728
0.36560591709268775 0.6226497012418934
-0.5799923795595907 0.6226497012418934
1.031607459410517 0.34279656619736154
-0.5466879509957916 1.6813011631923103
1.074504790142762 -0.013721290157221455
0.46230407797538553 1.7333813946834429
1.0259955690026732 0.49961284571404985
0.46230407797538553 1.9355416385633668
0.4538803846945677 1.1924269156338858
0.14289797189687276 0.4196183921869734
1.092407521912499 1.0985406176809847
0.25389376538398317 1.0985406176809847
-0.38822980047436706 0.8994464605455941
-0.7522812787153907 1.5497657004365473
0.9688461921686551 0.6024520543762522
0.2272162603647304 0.15717885926260866
0.08096779908972604 1.8516483947164761
1.2002383802792511 1.70885149006656
0.516629222872661 0.8432445077582205
0.36560591709268775 -0.3758839155475666
1.0159579196113406 1.2787905573993288
0.3525685222868681 0.7533536052404359
-0.6968938596137632 0.7493660150340007
0.2272162603647304 0.8994464605455941
0.14959450369458333 0.738637713703385
-0.42065673373414947 0.8324758261833822
0.2272162603647304 0.01924175513617077
1.0693322187500431 0.9659578765650247
0.36560591709268775 0.021610833838014987
-0.04630298723200471 1.2870066056367042
1.0759845252423854 0.8806263940887158
0.1326820108030121 0.8994464605455941
0.9957102584996643 1.6851680971827427
0.22984163511745298 0.4861347022052387
0.28492216727359154 1.8590346216859615
1.0388933310452968 0.8769353604734422
0.9914010957685226 0.1739380323901505
0.6225670380988666 1.6392854582196148
0.2272162603647304 0.6078559409828548
0.36560591709268775 0.3017006895018459
-0.3680344577504018 0.7135925839487673
0.6596562802864054 0.6874088851898947
0.37825741632475784 1.8570792754868224
-0.13032314258544192 0.94222552419879
-0.7624003529508507 1.0985406176809847
0.88304411290229 0.07399649482289572
1.1113792654966328 0.7724382384987041
0.7313379580342394 0.9427132228594364
0.36487761175957867 1.57844822759726
-0.7548629341910199 0.2487122520289342
1.4086862981116788 0.5854387947661701
0.22984163511745298 0.4562839434593553
-0.11751209907874555 1.0985406176809847
1.383234803096275 1.6330385932416573
1.3613171044865193 0.7729147815779978
0.857840794211945 1.5769551530881172
0.16531197623780253 1.1967634776012461
-0.06803187038905545 -0.24465736141573213
1.1212414933435062 0.8075574158651571
-0.6732362555394132 1.0196759519237115
0.5317202156218055 1.633126739114908
0.6533754996247312 0.46964038943895425
0.5223822648572629 1.1617665607611307
0.5689998716585132 1.3857540288573722
0.4882090733087933 0.7314391037922574
0.46230407797538553 1.1942594034148661
0.8866455905373684 0.41526260756813715
0.30271573979424937 1.4696537969733745
0.7614074796382446 1.3286408483880352
1.1290224031683274 0.8994464605455941
-0.13426708342506144 1.3286408483880352
0.36560591709268775 0.6226497012418934
0.00955662613267369 -0.005812250786327633
0.18362324785338607 1.1878518397224278
0.23255296606271902 0.6958847650335178
1.032301630005256 0.6226497012418934
0.9539679295852599 1.7462967194492864
1.0452558946161379 0.599366741930738
-0.2658678614819636 1.3824715998780377
1.4126285950473443 0.5339236597775676
0.8163896489193934 1.0985406176809847
0.5672115381562084 0.38914048804248025
1.2775513408409247 0.8526080420358157
0.36560591709268775 0.6226497012418934
0.36560591709268775 1.087623922121369
0.22984163511745298 1.9629538887661637
0.22984163511745298 0.9758041347859068
0.46230407797538553 0.9378812958958138
-0.0449516352287016 0.948614663274784
0.36560591709268775 0.6226497012418934
-0.21648186587071275 1.0203065878634412
-0.07718935055511467 1.564467901162179
1.5507886922317622 1.2822888830331973
-0.07957147260658548 1.3286408483880352
0.5523558061639644 0.9112860669679459
0.36560591709268775 0.1617750357612966
0.5689998716585132 1.3286408483880352
-0.3339961954616466 1.3291585540057929
0.0858415488405162 0.6226497012418934
0.8510298095755267 1.0985406176809847
1.2166351992515776 0.6203054440513862
0.5593496540195417 -0.3149490005516231
0.108462093104364 0.4015389374519218
0.09636479871780002 0.9825476433787479
-0.254804323230441 1.6738374522045927
0.3592621427767848 0.6226497012418934
0.36094459127659917 0.23159587901364342
0.274852926205138 0.6471726239412319
0.5689998716585132 1.6566574005509542
0.8794655748875703 1.1677284023003804
-0.07690101148026735 1.545238643148408
1.1981476977825383 1.5118707554262856
0.47688421105067136 0.5983233515440578
1.215473209899434 0.8994464605455941
0.8317840080689383 1.3286408483880352
0.23472438225969494 0.20494123138000386
-0.7644780889473337 1.0914575953323877
0.12531124418712197 1.5188259334599008
-0.038587028921589495 -0.03261646110186933
0.5728333748078449 0.8004620597377412
0.46230407797538553 1.4122301796731027
0.8840734248587625 -0.23421147147026344
-0.4539202758119659 1.447723085867634
-0.3679351811504803 1.4547865725360387
1.1815647248201167 1.3286408483880352
0.7129658919022244 0.2031184100965724
1.3529182598933969 1.4871366826846728
0.9246456356699857 0.878029472072059
0.46230407797538553 1.7988829606470005
0.39635161291088994 2.217717386571244
-0.4236751549737595 0.8994464605455941
0.1161544181830434 0.8619364020052012
0.2272162603647304 0.20517974791711446
1.248640459599364 0.5493513928656608
0.8807720649742115 1.081925357767188
0.5689998716585132 1.3286408483880352
0.06297519623571879 0.7885062388216755
0.25426572102502204 0.42583558410127287
-0.38243462711293563 0.8994464605455941
-0.2420236701489115 0.8994464605455941
0.46230407797538553 0.9378812958958138
-0.24500666985581035 0.22104478601158717
0.6652192062936801 0.5016149878433462
0.5179818434335365 0.213708012122225
0.23088564509989995 0.5432032947887919
0.31909183265178576 -0.06104290678256774
0.7658760062203743 0.2509523552386048
-0.5389522822785546 0.00697517970318029
0.46230407797538553 0.524050036858833
0.07209672190769476 1.7174215913540827
0.051536554497033954 0.8036738458335384
0.6335472017904122 1.0673028641375781
0.5689998716585132 1.6208406268451747
0.07498622570767699 -0.013060783195915304
0.3891066312165552 0.3184456290392239
0.5689998716585132 1.3286408483880352
0.9619165856337557 0.5662941483527304
0.5689998716585132 1.3286408483880352
-0.30791464466017776 1.4909343216155746
0.13197813608412323 0.7677671678651021
0.4407004369426264 1.3286408483880352
0.4171557954939309 0.02665189548868163
0.12040599525315526 1.572862071144153
0.2272162603647304 1.4948860134957285
1.3359238824706658 0.6226497012418934
-0.06497006234259209 0.07954211163789138
-0.38884425539872597 1.7769696961028023
0.36560591709268775 0.07586208431444463
-0.03614005525561917 0.37837971071082777
0.9843277535923984 1.3746715839424901
0.7061988667348433 1.7241641484028511
0.5689998716585132 1.6684801078093823
-0.16116490020488256 0.24688041164326546
0.2272162603647304 0.9565102654778583
-0.04784313489130501 1.5655176043009251
0.22984163511745298 0.6637008417015062
1.127552707639795 0.2633858675843601
1.1773107498323954 -0.1137650219255335
0.622689824130806 0.8994464605455941
-0.06452149258407358 0.9378812958958138
0.36560591709268775 1.0267167572355633
0.6241204278838915 0.8994464605455941
1.0825133077935194 1.6891114915883745
0.17562924082546125 0.8994464605455941
0.4627291693833499 0.6057195528165087
0.8602488694488941 1.0985406176809847
0.603032873911898 0.959926015515131
0.34209570178627 1.0834217986932384
1.4369087281227761 0.44648974608961933
0.7554725490001133 0.9416259405746172
1.4147628444456297 1.691569078957143
0.9785061295728408 1.0985406176809847
0.5689998716585132 2.290670183614434
0.9498873309897047 0.4290201061716552
-0.46100046596418487 1.0996307019585085
0.8673380462347255 0.5268043517677234
0.2230416836570543 1.787683456469184
-0.09697352021421901 0.2574316033273487
1.1790568354311077 1.5799918535473598
0.15171171574100084 0.7925435819948066
0.11318866290960544 1.8350003053283042
0.6606628658053149 1.3286408483880352
0.46230407797538553 0.12101657372720376
-0.3543888429013766 2.2177012298872443
0.5778603194427585 1.671811660804689
0.66658005043909 0.9526298847434718
0.1438799875009531 1.381323975276682
0.2272162603647304 0.6681676059692663
-0.14092834663588238 0.1510160364372264
0.5689998716585132 2.1309396630751536
1.1600829776114547 0.7668085208061113
0.956315006215235 1.9964805783910533
-0.21242985727328026 0.3196016531693622
-0.14739312299182697 1.099290662687295
0.22984163511745298 0.25969914966823593
-0.49349882946554435 1.7483941028206946
0.286231039245614 0.9957405025708703
0.22984163511745298 1.1378704798549906
1.4741536040530336 1.3286408483880352
-0.3733246754935873 0.9495739994851182
1.3286615155810202 0.22472822956790273
-0.26536376319653004 1.72487261263074
0.5689998716585132 0.4348930329961669
-0.5892106729758911 1.1195799407424156
0.7358091906697095 1.0896979216191154
0.22984163511745298 0.24602619501985834
0.34544513236238655 0.5933238859175454
0.2272162603647304 0.943924516982857
0.36560591709268775 0.5806190643092679
1.3396496855835547 0.9117486681455453
0.028731500198946935 1.9871973445225135
0.1648881864638576 1.3286408483880352
1.1418796793152333 0.6226497012418934
-0.26579340028095144 2.2592949301221363
0.878227637241556 1.3846200036437661
-0.3971316323929697 0.9838886847082069
0.37288514037231696 1.4967177410225816
0.5869542330608097 1.3286408483880352
-0.2634626169271788 1.4545073730193554
0.7072192008654712 1.1618795623051243
0.2272162603647304 0.8184375026131296
0.7749455079753313 1.377319870777268
0.28324703929921163 1.0547281673898397
0.46230407797538553 1.0231786843327941
0.2272162603647304 1.4577366648777255
0.4637670642646081 0.761424419655178
0.92940300411103 -0.02361580280564657
0.0983951997505299 0.3547328618292862
1.380573150294966 0.15827134436740353
0.504777006673927 0.07364287220403587
0.5689998716585132 0.5276213623062038
1.078266924290914 1.0985406176809847
0.5689998716585132 0.6272149811999146
0.36560591709268775 0.1360495879775645
1.2450717802512175 2.1101637272171727
0.34661066497839393 0.9245777680388305
